experiment #1[7.0, 0.0, 1.0, 0.0, 0.0, 0.0]
[0.0, 98.0, 1.0, 0.0, 0.0, 0.0]
[0.0, 0.0, 683.0, 0.0, 0.0, 1.0]
[0.0, 0.0, 0.0, 0.0, 0.0, 0.0]
[0.0, 0.0, 0.0, 0.0, 67.0, 0.0]
[0.0, 0.0, 5.0, 0.0, 0.0, 35.0]
experiment #2[191.0, 8.0, 0.0, 1.0, 12.0, 17.0, 2.0, 0.0, 0.0, 7.0, 0.0, 0.0, 0.0, 0.0, 0.0, 7.0]
[24.0, 5.0, 0.0, 1.0, 4.0, 4.0, 0.0, 2.0, 0.0, 3.0, 0.0, 0.0, 0.0, 0.0, 0.0, 1.0]
[1.0, 0.0, 13.0, 0.0, 0.0, 1.0, 0.0, 0.0, 0.0, 0.0, 0.0, 0.0, 0.0, 0.0, 0.0, 0.0]
[6.0, 0.0, 0.0, 7.0, 0.0, 1.0, 0.0, 1.0, 0.0, 0.0, 0.0, 0.0, 0.0, 0.0, 0.0, 0.0]
[9.0, 0.0, 0.0, 0.0, 1.0, 1.0, 0.0, 0.0, 0.0, 2.0, 0.0, 0.0, 0.0, 0.0, 0.0, 0.0]
[17.0, 0.0, 1.0, 0.0, 1.0, 4.0, 0.0, 0.0, 0.0, 0.0, 0.0, 0.0, 0.0, 0.0, 0.0, 2.0]
[2.0, 0.0, 1.0, 0.0, 0.0, 0.0, 0.0, 0.0, 0.0, 0.0, 0.0, 0.0, 0.0, 0.0, 0.0, 0.0]
[1.0, 0.0, 0.0, 0.0, 0.0, 0.0, 1.0, 0.0, 0.0, 0.0, 0.0, 0.0, 0.0, 0.0, 0.0, 0.0]
[1.0, 1.0, 0.0, 0.0, 0.0, 0.0, 0.0, 0.0, 5.0, 0.0, 0.0, 0.0, 0.0, 0.0, 0.0, 2.0]
[23.0, 3.0, 1.0, 0.0, 4.0, 2.0, 0.0, 0.0, 0.0, 13.0, 0.0, 0.0, 0.0, 1.0, 0.0, 3.0]
[0.0, 0.0, 0.0, 0.0, 0.0, 0.0, 0.0, 0.0, 0.0, 0.0, 0.0, 0.0, 0.0, 0.0, 0.0, 0.0]
[0.0, 0.0, 0.0, 0.0, 0.0, 0.0, 0.0, 0.0, 0.0, 0.0, 0.0, 0.0, 0.0, 0.0, 0.0, 0.0]
[0.0, 0.0, 0.0, 0.0, 0.0, 0.0, 0.0, 0.0, 0.0, 0.0, 0.0, 0.0, 0.0, 0.0, 0.0, 0.0]
[4.0, 0.0, 0.0, 0.0, 0.0, 0.0, 0.0, 0.0, 0.0, 0.0, 0.0, 0.0, 0.0, 0.0, 0.0, 0.0]
[3.0, 1.0, 0.0, 1.0, 0.0, 0.0, 0.0, 0.0, 0.0, 0.0, 0.0, 0.0, 0.0, 0.0, 0.0, 0.0]
[14.0, 1.0, 0.0, 0.0, 1.0, 4.0, 0.0, 0.0, 0.0, 2.0, 0.0, 0.0, 0.0, 0.0, 0.0, 0.0]
experiment #3[0.0, 0.0, 0.0, 0.0, 0.0, 0.0, 0.0, 1.0, 0.0, 0.0, 0.0, 0.0, 0.0, 0.0, 0.0, 0.0, 0.0, 0.0, 0.0, 0.0, 0.0, 0.0, 0.0, 0.0]
[0.0, 0.0, 0.0, 0.0, 0.0, 0.0, 0.0, 1.0, 0.0, 0.0, 0.0, 0.0, 0.0, 0.0, 0.0, 0.0, 0.0, 0.0, 0.0, 0.0, 0.0, 0.0, 0.0, 0.0]
[0.0, 0.0, 54.0, 1.0, 0.0, 0.0, 0.0, 1.0, 0.0, 0.0, 0.0, 0.0, 1.0, 0.0, 0.0, 0.0, 0.0, 0.0, 0.0, 0.0, 0.0, 0.0, 0.0, 0.0]
[0.0, 0.0, 5.0, 16.0, 0.0, 0.0, 0.0, 0.0, 0.0, 0.0, 0.0, 0.0, 0.0, 0.0, 0.0, 0.0, 0.0, 0.0, 0.0, 0.0, 0.0, 0.0, 1.0, 0.0]
[0.0, 0.0, 1.0, 0.0, 0.0, 0.0, 0.0, 0.0, 0.0, 0.0, 0.0, 0.0, 0.0, 0.0, 0.0, 0.0, 0.0, 0.0, 0.0, 0.0, 0.0, 0.0, 0.0, 0.0]
[0.0, 0.0, 0.0, 0.0, 0.0, 2.0, 0.0, 0.0, 0.0, 0.0, 0.0, 0.0, 0.0, 0.0, 0.0, 0.0, 0.0, 0.0, 0.0, 0.0, 0.0, 0.0, 0.0, 0.0]
[0.0, 0.0, 2.0, 0.0, 0.0, 0.0, 13.0, 3.0, 0.0, 0.0, 0.0, 0.0, 0.0, 0.0, 0.0, 0.0, 0.0, 0.0, 2.0, 0.0, 0.0, 0.0, 0.0, 0.0]
[0.0, 0.0, 2.0, 1.0, 0.0, 0.0, 1.0, 38.0, 0.0, 0.0, 0.0, 0.0, 0.0, 0.0, 0.0, 0.0, 0.0, 0.0, 5.0, 0.0, 0.0, 0.0, 1.0, 0.0]
[0.0, 0.0, 0.0, 0.0, 0.0, 0.0, 0.0, 0.0, 2.0, 0.0, 0.0, 0.0, 0.0, 0.0, 0.0, 0.0, 0.0, 0.0, 0.0, 0.0, 0.0, 0.0, 0.0, 0.0]
[0.0, 0.0, 0.0, 0.0, 0.0, 0.0, 0.0, 0.0, 0.0, 6.0, 0.0, 0.0, 0.0, 0.0, 0.0, 0.0, 0.0, 0.0, 0.0, 0.0, 0.0, 0.0, 0.0, 0.0]
[0.0, 0.0, 0.0, 0.0, 0.0, 0.0, 0.0, 0.0, 0.0, 0.0, 0.0, 2.0, 0.0, 0.0, 0.0, 0.0, 0.0, 0.0, 0.0, 0.0, 0.0, 0.0, 0.0, 0.0]
[0.0, 0.0, 1.0, 0.0, 0.0, 0.0, 0.0, 0.0, 0.0, 0.0, 1.0, 0.0, 0.0, 0.0, 1.0, 0.0, 0.0, 0.0, 1.0, 0.0, 0.0, 0.0, 0.0, 0.0]
[0.0, 0.0, 1.0, 0.0, 0.0, 0.0, 0.0, 0.0, 0.0, 0.0, 0.0, 0.0, 0.0, 0.0, 0.0, 0.0, 0.0, 0.0, 0.0, 1.0, 0.0, 0.0, 0.0, 0.0]
[0.0, 0.0, 0.0, 0.0, 0.0, 0.0, 0.0, 0.0, 0.0, 0.0, 0.0, 0.0, 0.0, 1.0, 0.0, 0.0, 0.0, 0.0, 1.0, 0.0, 0.0, 0.0, 0.0, 0.0]
[0.0, 0.0, 0.0, 0.0, 0.0, 0.0, 0.0, 0.0, 0.0, 0.0, 0.0, 0.0, 0.0, 0.0, 9.0, 0.0, 0.0, 0.0, 0.0, 0.0, 0.0, 0.0, 0.0, 0.0]
[0.0, 0.0, 0.0, 0.0, 0.0, 0.0, 0.0, 0.0, 0.0, 0.0, 0.0, 0.0, 0.0, 0.0, 0.0, 3.0, 0.0, 0.0, 0.0, 0.0, 0.0, 0.0, 0.0, 0.0]
[0.0, 0.0, 0.0, 0.0, 0.0, 0.0, 0.0, 0.0, 0.0, 0.0, 0.0, 0.0, 0.0, 0.0, 0.0, 0.0, 0.0, 0.0, 0.0, 0.0, 1.0, 0.0, 0.0, 0.0]
[0.0, 0.0, 0.0, 0.0, 0.0, 0.0, 0.0, 0.0, 0.0, 0.0, 0.0, 0.0, 0.0, 0.0, 0.0, 0.0, 0.0, 2.0, 0.0, 0.0, 0.0, 0.0, 0.0, 0.0]
[0.0, 0.0, 0.0, 0.0, 0.0, 0.0, 0.0, 0.0, 0.0, 0.0, 0.0, 0.0, 0.0, 0.0, 0.0, 0.0, 0.0, 0.0, 22.0, 0.0, 0.0, 0.0, 0.0, 0.0]
[0.0, 0.0, 0.0, 0.0, 0.0, 0.0, 0.0, 0.0, 0.0, 2.0, 0.0, 0.0, 0.0, 0.0, 0.0, 0.0, 0.0, 0.0, 2.0, 0.0, 0.0, 0.0, 0.0, 0.0]
[0.0, 0.0, 0.0, 0.0, 0.0, 0.0, 0.0, 0.0, 0.0, 0.0, 0.0, 0.0, 0.0, 0.0, 0.0, 0.0, 1.0, 0.0, 0.0, 0.0, 0.0, 0.0, 0.0, 0.0]
[0.0, 0.0, 0.0, 0.0, 0.0, 0.0, 0.0, 0.0, 0.0, 0.0, 0.0, 0.0, 0.0, 0.0, 0.0, 0.0, 0.0, 0.0, 0.0, 0.0, 0.0, 4.0, 0.0, 0.0]
[0.0, 0.0, 0.0, 1.0, 1.0, 0.0, 0.0, 2.0, 0.0, 0.0, 0.0, 0.0, 0.0, 0.0, 0.0, 0.0, 0.0, 0.0, 0.0, 0.0, 0.0, 0.0, 4.0, 0.0]
[0.0, 0.0, 0.0, 0.0, 0.0, 0.0, 0.0, 2.0, 0.0, 0.0, 0.0, 0.0, 0.0, 0.0, 0.0, 0.0, 0.0, 0.0, 0.0, 0.0, 0.0, 0.0, 0.0, 0.0]
experiment #4[443.0, 15.0]
[19.0, 222.0]
experiment #5[13.0, 2.0, 1.0, 0.0, 0.0, 0.0]
[1.0, 5.0, 1.0, 1.0, 3.0, 0.0]
[0.0, 2.0, 31.0, 4.0, 4.0, 3.0]
[0.0, 0.0, 2.0, 8.0, 3.0, 0.0]
[0.0, 1.0, 4.0, 2.0, 3.0, 1.0]
[0.0, 0.0, 1.0, 0.0, 2.0, 7.0]
experiment #6[328.0, 119.0, 182.0]
[114.0, 124.0, 95.0]
[196.0, 114.0, 201.0]
experiment #7[567.0, 133.0]
[147.0, 153.0]
experiment #8[131.0, 97.0]
[41.0, 271.0]
experiment #9[397.0, 103.0]
[126.0, 142.0]
experiment #10[30.0, 0.0, 0.0, 0.0]
[0.0, 40.0, 0.0, 0.0]
[0.0, 0.0, 31.0, 0.0]
[0.0, 0.0, 0.0, 19.0]
experiment #11[16.0, 4.0]
[6.0, 31.0]
experiment #12[3.0, 0.0, 1.0]
[0.0, 4.0, 1.0]
[2.0, 1.0, 12.0]
experiment #13[1.0, 1.0, 0.0, 0.0]
[0.0, 73.0, 8.0, 0.0]
[0.0, 16.0, 45.0, 0.0]
[0.0, 0.0, 1.0, 3.0]
experiment #14[645.0, 655.0]
[534.0, 766.0]
experiment #15[416.0, 100.0]
[124.0, 321.0]
experiment #16[197.0, 0.0, 0.0, 0.0, 0.0, 0.0, 1.0, 0.0, 2.0, 0.0]
[0.0, 194.0, 0.0, 0.0, 1.0, 0.0, 1.0, 1.0, 0.0, 3.0]
[0.0, 0.0, 196.0, 0.0, 1.0, 0.0, 0.0, 2.0, 0.0, 1.0]
[0.0, 1.0, 1.0, 183.0, 1.0, 10.0, 0.0, 1.0, 2.0, 1.0]
[0.0, 2.0, 0.0, 0.0, 192.0, 1.0, 5.0, 0.0, 0.0, 0.0]
[1.0, 2.0, 0.0, 9.0, 0.0, 185.0, 2.0, 0.0, 0.0, 1.0]
[0.0, 0.0, 0.0, 1.0, 3.0, 0.0, 194.0, 0.0, 2.0, 0.0]
[0.0, 0.0, 1.0, 0.0, 0.0, 0.0, 0.0, 196.0, 0.0, 3.0]
[6.0, 2.0, 0.0, 0.0, 0.0, 0.0, 0.0, 0.0, 192.0, 0.0]
[0.0, 3.0, 1.0, 0.0, 0.0, 1.0, 0.0, 6.0, 1.0, 188.0]
experiment #17[57.0, 5.0]
[24.0, 38.0]
experiment #18[254.0, 36.0]
[140.0, 2.0]
experiment #19[4208.0, 0.0]
[0.0, 3916.0]
experiment #20[4320.0, 0.0, 0.0, 0.0, 0.0]
[0.0, 0.0, 2.0, 0.0, 0.0]
[0.0, 0.0, 169.0, 159.0, 0.0]
[0.0, 0.0, 0.0, 4237.0, 29.0]
[0.0, 0.0, 0.0, 20.0, 4024.0]
experiment #21[46.0, 2.0]
[5.0, 142.0]
experiment #22[59.0, 0.0, 5.0]
[1.0, 0.0, 1.0]
[23.0, 0.0, 1.0]
experiment #23[297.0, 1.0, 1.0, 1.0, 0.0, 0.0, 0.0]
[0.0, 300.0, 0.0, 0.0, 0.0, 0.0, 0.0]
[0.0, 0.0, 265.0, 11.0, 21.0, 0.0, 3.0]
[0.0, 1.0, 9.0, 285.0, 2.0, 0.0, 3.0]
[0.0, 0.0, 17.0, 0.0, 283.0, 0.0, 0.0]
[0.0, 0.0, 0.0, 0.0, 0.0, 300.0, 0.0]
[0.0, 0.0, 2.0, 0.0, 0.0, 0.0, 298.0]
experiment #24[158.0, 0.0, 0.0, 0.0, 1.0, 0.0, 2.0, 0.0, 0.0, 0.0]
[0.0, 158.0, 0.0, 2.0, 0.0, 1.0, 0.0, 0.0, 0.0, 1.0]
[0.0, 2.0, 151.0, 2.0, 1.0, 0.0, 0.0, 1.0, 1.0, 1.0]
[0.0, 1.0, 2.0, 147.0, 0.0, 5.0, 0.0, 1.0, 2.0, 1.0]
[0.0, 10.0, 1.0, 0.0, 148.0, 0.0, 1.0, 1.0, 0.0, 0.0]
[0.0, 1.0, 0.0, 3.0, 1.0, 148.0, 6.0, 0.0, 0.0, 0.0]
[4.0, 0.0, 0.0, 0.0, 2.0, 3.0, 152.0, 0.0, 0.0, 0.0]
[0.0, 9.0, 1.0, 0.0, 1.0, 0.0, 0.0, 146.0, 0.0, 1.0]
[1.0, 2.0, 16.0, 3.0, 0.0, 2.0, 3.0, 0.0, 127.0, 1.0]
[1.0, 4.0, 0.0, 15.0, 1.0, 10.0, 1.0, 1.0, 3.0, 122.0]
experiment #25[14.0, 0.0]
[1.0, 0.0]
experiment #26[1058.0, 3.0, 0.0]
[4.0, 0.0, 0.0]
[1.0, 0.0, 0.0]
experiment #27[2585.0, 203.0]
[221.0, 1592.0]
experiment #28[32.0, 10.0, 7.0]
[14.0, 27.0, 9.0]
[11.0, 6.0, 35.0]
experiment #29[323.0, 9.0]
[1.0, 625.0]
experiment #30[3.0, 2.0]
[2.0, 3.0]
experiment #31[102.0, 94.0, 6.0, 10.0]
[85.0, 108.0, 11.0, 13.0]
[4.0, 3.0, 203.0, 8.0]
[5.0, 10.0, 6.0, 178.0]
experiment #32[90.0, 0.0, 0.0, 0.0, 0.0, 0.0, 0.0, 0.0, 0.0, 0.0, 0.0]
[0.0, 89.0, 1.0, 0.0, 0.0, 0.0, 0.0, 0.0, 0.0, 0.0, 0.0]
[0.0, 0.0, 90.0, 0.0, 0.0, 0.0, 0.0, 0.0, 0.0, 0.0, 0.0]
[0.0, 0.0, 0.0, 89.0, 0.0, 1.0, 0.0, 0.0, 0.0, 0.0, 0.0]
[0.0, 0.0, 0.0, 0.0, 89.0, 1.0, 0.0, 0.0, 0.0, 0.0, 0.0]
[0.0, 0.0, 0.0, 0.0, 0.0, 88.0, 0.0, 0.0, 0.0, 0.0, 2.0]
[0.0, 0.0, 0.0, 0.0, 1.0, 0.0, 89.0, 0.0, 0.0, 0.0, 0.0]
[0.0, 0.0, 0.0, 0.0, 0.0, 0.0, 1.0, 89.0, 0.0, 0.0, 0.0]
[0.0, 0.0, 0.0, 0.0, 0.0, 0.0, 0.0, 0.0, 90.0, 0.0, 0.0]
[0.0, 0.0, 0.0, 0.0, 0.0, 0.0, 0.0, 0.0, 0.0, 90.0, 0.0]
[0.0, 0.0, 0.0, 0.0, 0.0, 0.0, 0.0, 0.0, 0.0, 0.0, 90.0]
experiment #33[0.0, 2.0, 8.0, 8.0, 2.0, 0.0, 0.0]
[1.0, 57.0, 53.0, 42.0, 10.0, 0.0, 0.0]
[5.0, 39.0, 995.0, 362.0, 49.0, 6.0, 1.0]
[2.0, 37.0, 353.0, 1515.0, 261.0, 28.0, 2.0]
[1.0, 5.0, 49.0, 235.0, 547.0, 43.0, 0.0]
[0.0, 1.0, 4.0, 43.0, 38.0, 89.0, 0.0]
[0.0, 0.0, 0.0, 2.0, 3.0, 0.0, 0.0]
experiment #34[41.0, 0.0, 0.0, 0.0, 0.0, 0.0, 0.0]
[0.0, 20.0, 0.0, 0.0, 0.0, 0.0, 0.0]
[0.0, 1.0, 3.0, 1.0, 0.0, 0.0, 0.0]
[0.0, 0.0, 0.0, 13.0, 0.0, 0.0, 0.0]
[0.0, 0.0, 1.0, 0.0, 3.0, 0.0, 0.0]
[0.0, 0.0, 0.0, 0.0, 0.0, 8.0, 0.0]
[0.0, 0.0, 1.0, 0.0, 0.0, 0.0, 9.0]
