experiment #1[7.0, 0.0, 1.0, 0.0, 0.0, 0.0]
[0.0, 99.0, 0.0, 0.0, 0.0, 0.0]
[0.0, 0.0, 684.0, 0.0, 0.0, 0.0]
[0.0, 0.0, 0.0, 0.0, 0.0, 0.0]
[0.0, 0.0, 0.0, 0.0, 67.0, 0.0]
[0.0, 0.0, 2.0, 0.0, 0.0, 38.0]
experiment #2[197.0, 13.0, 0.0, 1.0, 5.0, 5.0, 3.0, 1.0, 1.0, 8.0, 0.0, 0.0, 0.0, 3.0, 2.0, 6.0]
[15.0, 19.0, 0.0, 3.0, 2.0, 0.0, 0.0, 0.0, 0.0, 4.0, 0.0, 0.0, 0.0, 0.0, 1.0, 0.0]
[0.0, 1.0, 12.0, 0.0, 0.0, 0.0, 1.0, 0.0, 0.0, 0.0, 0.0, 0.0, 0.0, 0.0, 1.0, 0.0]
[3.0, 1.0, 0.0, 8.0, 1.0, 0.0, 0.0, 0.0, 1.0, 1.0, 0.0, 0.0, 0.0, 0.0, 0.0, 0.0]
[6.0, 0.0, 0.0, 0.0, 5.0, 0.0, 0.0, 0.0, 0.0, 0.0, 0.0, 0.0, 0.0, 0.0, 1.0, 1.0]
[5.0, 0.0, 1.0, 0.0, 0.0, 13.0, 0.0, 0.0, 0.0, 4.0, 0.0, 0.0, 0.0, 0.0, 0.0, 2.0]
[1.0, 0.0, 1.0, 1.0, 0.0, 0.0, 0.0, 0.0, 0.0, 0.0, 0.0, 0.0, 0.0, 0.0, 0.0, 0.0]
[1.0, 0.0, 0.0, 0.0, 0.0, 0.0, 0.0, 0.0, 0.0, 0.0, 0.0, 0.0, 0.0, 0.0, 0.0, 1.0]
[0.0, 0.0, 0.0, 0.0, 0.0, 0.0, 0.0, 1.0, 7.0, 1.0, 0.0, 0.0, 0.0, 0.0, 0.0, 0.0]
[17.0, 2.0, 0.0, 5.0, 2.0, 3.0, 0.0, 0.0, 0.0, 21.0, 0.0, 0.0, 0.0, 0.0, 0.0, 0.0]
[0.0, 0.0, 0.0, 0.0, 0.0, 0.0, 0.0, 0.0, 0.0, 0.0, 0.0, 0.0, 0.0, 0.0, 0.0, 0.0]
[0.0, 0.0, 0.0, 0.0, 0.0, 0.0, 0.0, 0.0, 0.0, 0.0, 0.0, 0.0, 0.0, 0.0, 0.0, 0.0]
[0.0, 0.0, 0.0, 0.0, 0.0, 0.0, 0.0, 0.0, 0.0, 0.0, 0.0, 0.0, 0.0, 0.0, 0.0, 0.0]
[1.0, 1.0, 0.0, 0.0, 0.0, 0.0, 0.0, 0.0, 0.0, 0.0, 0.0, 0.0, 0.0, 1.0, 0.0, 1.0]
[1.0, 1.0, 1.0, 0.0, 0.0, 0.0, 0.0, 0.0, 0.0, 1.0, 0.0, 0.0, 0.0, 0.0, 0.0, 1.0]
[13.0, 1.0, 1.0, 0.0, 0.0, 1.0, 0.0, 1.0, 1.0, 1.0, 0.0, 0.0, 0.0, 0.0, 2.0, 1.0]
experiment #3[0.0, 0.0, 0.0, 0.0, 0.0, 0.0, 0.0, 1.0, 0.0, 0.0, 0.0, 0.0, 0.0, 0.0, 0.0, 0.0, 0.0, 0.0, 0.0, 0.0, 0.0, 0.0, 0.0, 0.0]
[0.0, 0.0, 0.0, 0.0, 0.0, 0.0, 0.0, 1.0, 0.0, 0.0, 0.0, 0.0, 0.0, 0.0, 0.0, 0.0, 0.0, 0.0, 0.0, 0.0, 0.0, 0.0, 0.0, 0.0]
[0.0, 0.0, 54.0, 3.0, 0.0, 0.0, 0.0, 0.0, 0.0, 0.0, 0.0, 0.0, 0.0, 0.0, 0.0, 0.0, 0.0, 0.0, 0.0, 0.0, 0.0, 0.0, 0.0, 0.0]
[0.0, 0.0, 1.0, 19.0, 0.0, 0.0, 0.0, 0.0, 0.0, 0.0, 0.0, 0.0, 0.0, 0.0, 0.0, 0.0, 0.0, 0.0, 0.0, 0.0, 0.0, 0.0, 1.0, 0.0]
[0.0, 0.0, 1.0, 0.0, 0.0, 0.0, 0.0, 0.0, 0.0, 0.0, 0.0, 0.0, 0.0, 0.0, 0.0, 0.0, 0.0, 0.0, 0.0, 0.0, 0.0, 0.0, 0.0, 0.0]
[0.0, 0.0, 0.0, 0.0, 0.0, 2.0, 0.0, 0.0, 0.0, 0.0, 0.0, 0.0, 0.0, 0.0, 0.0, 0.0, 0.0, 0.0, 0.0, 0.0, 0.0, 0.0, 0.0, 0.0]
[0.0, 0.0, 0.0, 0.0, 0.0, 0.0, 18.0, 0.0, 0.0, 0.0, 0.0, 0.0, 0.0, 0.0, 0.0, 0.0, 0.0, 0.0, 2.0, 0.0, 0.0, 0.0, 0.0, 0.0]
[0.0, 0.0, 0.0, 0.0, 0.0, 0.0, 0.0, 41.0, 0.0, 0.0, 0.0, 0.0, 0.0, 0.0, 0.0, 0.0, 0.0, 0.0, 5.0, 0.0, 0.0, 1.0, 0.0, 0.0]
[0.0, 0.0, 0.0, 0.0, 0.0, 0.0, 0.0, 0.0, 2.0, 0.0, 0.0, 0.0, 0.0, 0.0, 0.0, 0.0, 0.0, 0.0, 0.0, 0.0, 0.0, 0.0, 0.0, 0.0]
[0.0, 0.0, 0.0, 0.0, 0.0, 0.0, 0.0, 0.0, 0.0, 6.0, 0.0, 0.0, 0.0, 0.0, 0.0, 0.0, 0.0, 0.0, 0.0, 0.0, 0.0, 0.0, 0.0, 0.0]
[0.0, 0.0, 0.0, 0.0, 0.0, 0.0, 0.0, 0.0, 0.0, 0.0, 0.0, 0.0, 0.0, 0.0, 1.0, 0.0, 0.0, 0.0, 0.0, 0.0, 0.0, 0.0, 0.0, 0.0]
[0.0, 0.0, 0.0, 0.0, 0.0, 0.0, 0.0, 0.0, 0.0, 0.0, 0.0, 3.0, 1.0, 0.0, 0.0, 0.0, 0.0, 0.0, 0.0, 0.0, 0.0, 0.0, 0.0, 0.0]
[0.0, 0.0, 0.0, 0.0, 0.0, 0.0, 0.0, 0.0, 0.0, 0.0, 0.0, 2.0, 0.0, 0.0, 0.0, 0.0, 0.0, 0.0, 0.0, 0.0, 0.0, 0.0, 0.0, 0.0]
[0.0, 0.0, 0.0, 0.0, 0.0, 0.0, 0.0, 0.0, 0.0, 0.0, 0.0, 0.0, 0.0, 2.0, 0.0, 0.0, 0.0, 0.0, 0.0, 0.0, 0.0, 0.0, 0.0, 0.0]
[0.0, 0.0, 0.0, 0.0, 0.0, 0.0, 0.0, 0.0, 0.0, 0.0, 0.0, 0.0, 0.0, 0.0, 9.0, 0.0, 0.0, 0.0, 0.0, 0.0, 0.0, 0.0, 0.0, 0.0]
[0.0, 0.0, 0.0, 0.0, 0.0, 0.0, 0.0, 0.0, 0.0, 0.0, 0.0, 0.0, 0.0, 0.0, 0.0, 3.0, 0.0, 0.0, 0.0, 0.0, 0.0, 0.0, 0.0, 0.0]
[0.0, 0.0, 0.0, 0.0, 0.0, 0.0, 0.0, 0.0, 0.0, 0.0, 0.0, 0.0, 0.0, 0.0, 0.0, 0.0, 0.0, 0.0, 0.0, 1.0, 0.0, 0.0, 0.0, 0.0]
[0.0, 0.0, 0.0, 0.0, 0.0, 0.0, 0.0, 0.0, 0.0, 0.0, 0.0, 0.0, 0.0, 0.0, 0.0, 0.0, 0.0, 2.0, 0.0, 0.0, 0.0, 0.0, 0.0, 0.0]
[0.0, 0.0, 2.0, 0.0, 0.0, 0.0, 0.0, 2.0, 0.0, 0.0, 0.0, 0.0, 0.0, 0.0, 0.0, 0.0, 0.0, 0.0, 18.0, 0.0, 0.0, 0.0, 0.0, 0.0]
[0.0, 0.0, 0.0, 0.0, 0.0, 0.0, 0.0, 1.0, 0.0, 0.0, 0.0, 0.0, 1.0, 0.0, 0.0, 1.0, 1.0, 0.0, 0.0, 0.0, 0.0, 0.0, 0.0, 0.0]
[0.0, 0.0, 0.0, 0.0, 0.0, 0.0, 0.0, 0.0, 0.0, 0.0, 0.0, 0.0, 0.0, 0.0, 0.0, 0.0, 0.0, 0.0, 1.0, 0.0, 0.0, 0.0, 0.0, 0.0]
[0.0, 0.0, 0.0, 0.0, 0.0, 0.0, 0.0, 0.0, 0.0, 0.0, 0.0, 0.0, 0.0, 0.0, 0.0, 0.0, 0.0, 0.0, 0.0, 0.0, 0.0, 4.0, 0.0, 0.0]
[0.0, 0.0, 0.0, 1.0, 1.0, 0.0, 0.0, 0.0, 0.0, 0.0, 0.0, 0.0, 0.0, 0.0, 0.0, 0.0, 0.0, 0.0, 0.0, 0.0, 0.0, 0.0, 6.0, 0.0]
[0.0, 0.0, 0.0, 0.0, 0.0, 0.0, 0.0, 2.0, 0.0, 0.0, 0.0, 0.0, 0.0, 0.0, 0.0, 0.0, 0.0, 0.0, 0.0, 0.0, 0.0, 0.0, 0.0, 0.0]
experiment #4[439.0, 19.0]
[21.0, 220.0]
experiment #5[16.0, 0.0, 0.0, 0.0, 0.0, 0.0]
[0.0, 5.0, 2.0, 0.0, 3.0, 0.0]
[0.0, 2.0, 31.0, 5.0, 1.0, 3.0]
[0.0, 0.0, 4.0, 5.0, 3.0, 0.0]
[0.0, 2.0, 3.0, 1.0, 2.0, 2.0]
[0.0, 0.0, 2.0, 0.0, 1.0, 4.0]
experiment #6[375.0, 84.0, 164.0]
[95.0, 130.0, 105.0]
[181.0, 101.0, 226.0]
experiment #7[538.0, 157.0]
[151.0, 146.0]
experiment #8[131.0, 97.0]
[41.0, 271.0]
experiment #9[383.0, 117.0]
[120.0, 148.0]
experiment #10[30.0, 0.0, 0.0, 0.0]
[0.0, 40.0, 0.0, 0.0]
[0.0, 0.0, 31.0, 0.0]
[0.0, 0.0, 0.0, 19.0]
experiment #11[17.0, 3.0]
[8.0, 29.0]
experiment #12[3.0, 0.0, 1.0]
[0.0, 5.0, 0.0]
[2.0, 1.0, 12.0]
experiment #13[1.0, 1.0, 0.0, 0.0]
[1.0, 66.0, 13.0, 0.0]
[0.0, 11.0, 49.0, 0.0]
[0.0, 0.0, 2.0, 2.0]
experiment #14[891.0, 409.0]
[394.0, 906.0]
experiment #15[423.0, 93.0]
[124.0, 321.0]
experiment #16[189.0, 1.0, 1.0, 0.0, 0.0, 0.0, 0.0, 1.0, 8.0, 0.0]
[0.0, 172.0, 5.0, 6.0, 2.0, 4.0, 2.0, 3.0, 2.0, 4.0]
[1.0, 1.0, 190.0, 3.0, 1.0, 2.0, 0.0, 0.0, 1.0, 1.0]
[0.0, 5.0, 2.0, 161.0, 2.0, 18.0, 3.0, 5.0, 3.0, 1.0]
[1.0, 2.0, 1.0, 0.0, 186.0, 2.0, 5.0, 0.0, 1.0, 2.0]
[1.0, 4.0, 1.0, 11.0, 2.0, 169.0, 2.0, 1.0, 4.0, 5.0]
[0.0, 1.0, 0.0, 1.0, 3.0, 4.0, 188.0, 0.0, 3.0, 0.0]
[1.0, 1.0, 2.0, 3.0, 0.0, 0.0, 0.0, 188.0, 0.0, 5.0]
[4.0, 4.0, 1.0, 2.0, 0.0, 3.0, 4.0, 0.0, 181.0, 1.0]
[0.0, 3.0, 2.0, 3.0, 0.0, 3.0, 0.0, 4.0, 2.0, 183.0]
experiment #17[53.0, 7.0]
[11.0, 51.0]
experiment #18[254.0, 36.0]
[140.0, 2.0]
experiment #19[4208.0, 0.0]
[0.0, 3916.0]
experiment #20[4320.0, 0.0, 0.0, 0.0, 0.0]
[0.0, 0.0, 2.0, 0.0, 0.0]
[0.0, 0.0, 266.0, 60.0, 0.0]
[0.0, 0.0, 55.0, 4073.0, 128.0]
[0.0, 0.0, 0.0, 76.0, 3968.0]
experiment #21[30.0, 18.0]
[17.0, 130.0]
experiment #22[58.0, 0.0, 5.0]
[1.0, 0.0, 1.0]
[23.0, 0.0, 1.0]
experiment #23[299.0, 0.0, 0.0, 1.0, 0.0, 0.0, 0.0]
[0.0, 297.0, 0.0, 3.0, 0.0, 0.0, 0.0]
[0.0, 0.0, 274.0, 5.0, 18.0, 0.0, 3.0]
[1.0, 2.0, 11.0, 282.0, 1.0, 0.0, 3.0]
[0.0, 0.0, 18.0, 1.0, 277.0, 1.0, 3.0]
[0.0, 0.0, 0.0, 0.0, 0.0, 300.0, 0.0]
[0.0, 0.0, 0.0, 2.0, 1.0, 0.0, 297.0]
experiment #24[150.0, 0.0, 0.0, 2.0, 3.0, 1.0, 1.0, 0.0, 2.0, 2.0]
[1.0, 135.0, 9.0, 2.0, 6.0, 2.0, 0.0, 2.0, 4.0, 1.0]
[0.0, 12.0, 115.0, 4.0, 5.0, 3.0, 1.0, 5.0, 11.0, 3.0]
[0.0, 1.0, 7.0, 125.0, 1.0, 6.0, 1.0, 4.0, 7.0, 7.0]
[0.0, 9.0, 3.0, 1.0, 123.0, 5.0, 6.0, 5.0, 3.0, 6.0]
[0.0, 0.0, 1.0, 11.0, 5.0, 130.0, 3.0, 1.0, 0.0, 8.0]
[2.0, 3.0, 3.0, 1.0, 1.0, 0.0, 147.0, 0.0, 4.0, 0.0]
[1.0, 9.0, 8.0, 2.0, 5.0, 2.0, 3.0, 120.0, 2.0, 6.0]
[2.0, 6.0, 22.0, 3.0, 2.0, 5.0, 4.0, 7.0, 90.0, 14.0]
[3.0, 4.0, 2.0, 14.0, 6.0, 12.0, 0.0, 2.0, 8.0, 107.0]
experiment #25[14.0, 0.0]
[1.0, 0.0]
experiment #26[1058.0, 3.0, 0.0]
[4.0, 0.0, 0.0]
[1.0, 0.0, 0.0]
experiment #27[2599.0, 189.0]
[150.0, 1663.0]
experiment #28[34.0, 8.0, 7.0]
[15.0, 28.0, 7.0]
[8.0, 12.0, 32.0]
experiment #29[293.0, 35.0]
[60.0, 558.0]
experiment #30[4.0, 1.0]
[1.0, 4.0]
experiment #31[124.0, 81.0, 2.0, 5.0]
[93.0, 110.0, 4.0, 10.0]
[2.0, 4.0, 210.0, 2.0]
[7.0, 10.0, 4.0, 178.0]
experiment #32[84.0, 1.0, 0.0, 0.0, 0.0, 0.0, 0.0, 0.0, 1.0, 4.0, 0.0]
[2.0, 80.0, 4.0, 0.0, 0.0, 1.0, 0.0, 0.0, 1.0, 1.0, 1.0]
[0.0, 5.0, 82.0, 2.0, 0.0, 0.0, 0.0, 0.0, 0.0, 0.0, 1.0]
[0.0, 0.0, 2.0, 80.0, 0.0, 7.0, 0.0, 0.0, 0.0, 0.0, 0.0]
[0.0, 0.0, 0.0, 1.0, 76.0, 7.0, 4.0, 0.0, 0.0, 0.0, 1.0]
[0.0, 0.0, 2.0, 5.0, 4.0, 73.0, 1.0, 0.0, 3.0, 0.0, 2.0]
[0.0, 0.0, 0.0, 0.0, 3.0, 1.0, 83.0, 2.0, 1.0, 0.0, 0.0]
[0.0, 0.0, 0.0, 0.0, 0.0, 0.0, 5.0, 76.0, 9.0, 0.0, 0.0]
[0.0, 1.0, 0.0, 0.0, 1.0, 1.0, 3.0, 4.0, 72.0, 1.0, 6.0]
[0.0, 1.0, 0.0, 0.0, 0.0, 0.0, 1.0, 0.0, 5.0, 83.0, 0.0]
[0.0, 1.0, 1.0, 4.0, 1.0, 5.0, 2.0, 0.0, 1.0, 0.0, 74.0]
experiment #33[0.0, 2.0, 8.0, 6.0, 3.0, 1.0, 0.0]
[1.0, 51.0, 63.0, 37.0, 10.0, 1.0, 0.0]
[3.0, 63.0, 927.0, 373.0, 77.0, 14.0, 0.0]
[7.0, 39.0, 376.0, 1443.0, 284.0, 47.0, 2.0]
[0.0, 7.0, 61.0, 270.0, 500.0, 42.0, 0.0]
[0.0, 1.0, 8.0, 41.0, 49.0, 76.0, 0.0]
[0.0, 0.0, 1.0, 1.0, 2.0, 1.0, 0.0]
experiment #34[41.0, 0.0, 0.0, 0.0, 0.0, 0.0, 0.0]
[0.0, 20.0, 0.0, 0.0, 0.0, 0.0, 0.0]
[0.0, 0.0, 3.0, 1.0, 0.0, 1.0, 0.0]
[0.0, 0.0, 0.0, 13.0, 0.0, 0.0, 0.0]
[0.0, 0.0, 1.0, 0.0, 3.0, 0.0, 0.0]
[0.0, 0.0, 0.0, 0.0, 0.0, 7.0, 1.0]
[0.0, 0.0, 0.0, 0.0, 0.0, 1.0, 9.0]
