experiment #1[0.0, 0.0, 0.0, 0.0, 0.0, 0.0, 0.0]
[0.0, 2.0, 1.0, 0.0, 0.0, 0.0, 0.0]
[0.0, 0.0, 19.0, 0.0, 3.0, 0.0, 0.0]
[0.0, 0.0, 3.0, 59.0, 2.0, 0.0, 3.0]
[0.0, 0.0, 2.0, 2.0, 42.0, 0.0, 8.0]
[0.0, 0.0, 0.0, 2.0, 7.0, 23.0, 0.0]
[0.0, 0.0, 1.0, 0.0, 1.0, 2.0, 23.0]
experiment #2[235.0, 10.0, 43.0]
[32.0, 0.0, 17.0]
[32.0, 12.0, 244.0]
experiment #3[239.0, 35.0]
[19.0, 307.0]
experiment #4[193.0, 8.0]
[62.0, 23.0]
experiment #5[16.0, 0.0, 0.0, 0.0, 0.0, 0.0]
[0.0, 0.0, 7.0, 4.0, 0.0, 0.0]
[0.0, 2.0, 32.0, 8.0, 0.0, 2.0]
[0.0, 0.0, 7.0, 5.0, 1.0, 0.0]
[0.0, 2.0, 5.0, 1.0, 2.0, 1.0]
[0.0, 0.0, 4.0, 1.0, 1.0, 4.0]
experiment #6[1164.0, 43.0, 3.0, 0.0]
[33.0, 333.0, 11.0, 7.0]
[0.0, 17.0, 42.0, 10.0]
[0.0, 3.0, 5.0, 57.0]
experiment #7[217.0, 15.0]
[39.0, 97.0]
experiment #8[244.0, 0.0]
[124.0, 0.0]
experiment #9[257.0, 50.0]
[46.0, 337.0]
experiment #10[108.0, 1.0, 2.0, 0.0, 1.0, 0.0]
[2.0, 54.0, 1.0, 3.0, 0.0, 1.0]
[0.0, 1.0, 70.0, 0.0, 1.0, 0.0]
[2.0, 4.0, 0.0, 43.0, 0.0, 0.0]
[1.0, 0.0, 0.0, 0.0, 51.0, 0.0]
[1.0, 1.0, 0.0, 0.0, 0.0, 18.0]
experiment #11[39.0, 11.0]
[6.0, 18.0]
experiment #12[2293.0, 81.0]
[118.0, 42.0]
experiment #13[6.0, 0.0, 0.0, 0.0, 1.0, 0.0, 2.0, 0.0]
[0.0, 36.0, 0.0, 0.0, 4.0, 0.0, 5.0, 2.0]
[0.0, 0.0, 0.0, 0.0, 0.0, 0.0, 2.0, 0.0]
[0.0, 0.0, 0.0, 1.0, 3.0, 0.0, 5.0, 0.0]
[0.0, 5.0, 1.0, 0.0, 23.0, 0.0, 9.0, 2.0]
[0.0, 0.0, 0.0, 0.0, 1.0, 0.0, 0.0, 0.0]
[1.0, 5.0, 0.0, 1.0, 10.0, 0.0, 47.0, 5.0]
[0.0, 2.0, 0.0, 1.0, 2.0, 0.0, 10.0, 2.0]
experiment #14[50.0, 15.0, 3.0, 0.0, 0.0, 1.0, 1.0]
[16.0, 47.0, 6.0, 0.0, 2.0, 3.0, 2.0]
[5.0, 5.0, 6.0, 0.0, 0.0, 1.0, 0.0]
[0.0, 0.0, 0.0, 0.0, 0.0, 0.0, 0.0]
[0.0, 2.0, 0.0, 0.0, 10.0, 0.0, 1.0]
[1.0, 1.0, 0.0, 0.0, 0.0, 7.0, 0.0]
[3.0, 2.0, 0.0, 0.0, 0.0, 1.0, 23.0]
experiment #15[206.0, 19.0]
[64.0, 17.0]
experiment #16[9.0, 5.0, 0.0, 0.0]
[6.0, 7.0, 0.0, 0.0]
[1.0, 0.0, 0.0, 0.0]
[0.0, 0.0, 0.0, 0.0]
experiment #17[37.0, 14.0, 0.0, 0.0]
[12.0, 39.0, 0.0, 0.0]
[0.0, 0.0, 30.0, 0.0]
[0.0, 0.0, 0.0, 0.0]
experiment #18[137.0, 28.0, 0.0, 0.0, 0.0]
[40.0, 98.0, 0.0, 0.0, 0.0]
[0.0, 0.0, 0.0, 0.0, 0.0]
[0.0, 0.0, 0.0, 0.0, 0.0]
[0.0, 0.0, 0.0, 0.0, 0.0]
experiment #19[168.0, 20.0, 0.0, 0.0, 0.0]
[36.0, 70.0, 0.0, 0.0, 0.0]
[0.0, 0.0, 0.0, 0.0, 0.0]
[0.0, 0.0, 0.0, 0.0, 0.0]
[0.0, 0.0, 0.0, 0.0, 0.0]
experiment #20[1.0, 5.0, 2.0, 0.0, 0.0]
[3.0, 28.0, 7.0, 10.0, 0.0]
[1.0, 16.0, 8.0, 7.0, 0.0]
[1.0, 15.0, 10.0, 3.0, 1.0]
[0.0, 3.0, 1.0, 1.0, 0.0]
experiment #21[119.0, 31.0]
[32.0, 88.0]
experiment #22[14.0, 18.0]
[7.0, 116.0]
experiment #23[0.0, 600.0]
[0.0, 612.0]
experiment #24[3476.0, 3.0, 2.0, 0.0]
[1.0, 191.0, 2.0, 0.0]
[3.0, 3.0, 89.0, 0.0]
[2.0, 0.0, 0.0, 0.0]
experiment #25[389.0, 70.0]
[27.0, 2793.0]
experiment #26[104.0, 22.0]
[8.0, 217.0]
