experiment #1[0.0, 0.0, 0.0, 0.0, 0.0, 0.0, 0.0]
[0.0, 2.0, 1.0, 0.0, 0.0, 0.0, 0.0]
[0.0, 2.0, 17.0, 2.0, 1.0, 0.0, 0.0]
[0.0, 1.0, 2.0, 53.0, 6.0, 4.0, 1.0]
[0.0, 0.0, 1.0, 2.0, 43.0, 2.0, 6.0]
[0.0, 0.0, 0.0, 2.0, 6.0, 23.0, 1.0]
[0.0, 0.0, 0.0, 0.0, 5.0, 4.0, 18.0]
experiment #2[280.0, 4.0, 4.0]
[41.0, 0.0, 8.0]
[15.0, 12.0, 261.0]
experiment #3[189.0, 85.0]
[86.0, 240.0]
experiment #4[180.0, 21.0]
[58.0, 27.0]
experiment #5[13.0, 2.0, 1.0, 0.0, 0.0, 0.0]
[2.0, 3.0, 3.0, 1.0, 2.0, 0.0]
[0.0, 3.0, 37.0, 2.0, 1.0, 1.0]
[0.0, 2.0, 3.0, 5.0, 3.0, 0.0]
[0.0, 3.0, 4.0, 2.0, 2.0, 0.0]
[0.0, 0.0, 1.0, 1.0, 2.0, 6.0]
experiment #6[1207.0, 3.0, 0.0, 0.0]
[34.0, 350.0, 0.0, 0.0]
[0.0, 56.0, 13.0, 0.0]
[0.0, 19.0, 0.0, 46.0]
experiment #7[200.0, 32.0]
[37.0, 99.0]
experiment #8[146.0, 98.0]
[36.0, 88.0]
experiment #9[239.0, 68.0]
[62.0, 321.0]
experiment #10[111.0, 0.0, 0.0, 0.0, 1.0, 0.0]
[1.0, 48.0, 0.0, 11.0, 1.0, 0.0]
[0.0, 0.0, 72.0, 0.0, 0.0, 0.0]
[0.0, 5.0, 0.0, 44.0, 0.0, 0.0]
[0.0, 1.0, 0.0, 0.0, 51.0, 0.0]
[0.0, 0.0, 0.0, 0.0, 0.0, 20.0]
experiment #11[39.0, 11.0]
[16.0, 8.0]
experiment #12[2276.0, 98.0]
[104.0, 56.0]
experiment #13[7.0, 0.0, 0.0, 0.0, 2.0, 0.0, 0.0, 0.0]
[0.0, 35.0, 0.0, 1.0, 1.0, 0.0, 6.0, 4.0]
[0.0, 0.0, 0.0, 0.0, 1.0, 0.0, 1.0, 0.0]
[1.0, 3.0, 0.0, 2.0, 2.0, 0.0, 1.0, 0.0]
[3.0, 1.0, 1.0, 1.0, 22.0, 0.0, 11.0, 1.0]
[0.0, 0.0, 0.0, 0.0, 0.0, 0.0, 1.0, 0.0]
[1.0, 10.0, 2.0, 1.0, 9.0, 0.0, 40.0, 6.0]
[0.0, 4.0, 0.0, 0.0, 3.0, 0.0, 6.0, 4.0]
experiment #14[55.0, 9.0, 6.0, 0.0, 0.0, 0.0, 0.0]
[15.0, 51.0, 4.0, 0.0, 3.0, 2.0, 1.0]
[9.0, 3.0, 5.0, 0.0, 0.0, 0.0, 0.0]
[0.0, 0.0, 0.0, 0.0, 0.0, 0.0, 0.0]
[0.0, 2.0, 0.0, 0.0, 10.0, 0.0, 1.0]
[0.0, 1.0, 0.0, 0.0, 1.0, 7.0, 0.0]
[0.0, 3.0, 0.0, 0.0, 2.0, 1.0, 23.0]
experiment #15[188.0, 37.0]
[60.0, 21.0]
experiment #16[8.0, 6.0, 0.0, 0.0]
[8.0, 5.0, 0.0, 0.0]
[1.0, 0.0, 0.0, 0.0]
[0.0, 0.0, 0.0, 0.0]
experiment #17[42.0, 9.0, 0.0, 0.0]
[18.0, 33.0, 0.0, 0.0]
[2.0, 4.0, 24.0, 0.0]
[0.0, 0.0, 0.0, 0.0]
experiment #18[129.0, 36.0, 0.0, 0.0, 0.0]
[36.0, 102.0, 0.0, 0.0, 0.0]
[0.0, 0.0, 0.0, 0.0, 0.0]
[0.0, 0.0, 0.0, 0.0, 0.0]
[0.0, 0.0, 0.0, 0.0, 0.0]
experiment #19[154.0, 34.0, 0.0, 0.0, 0.0]
[34.0, 72.0, 0.0, 0.0, 0.0]
[0.0, 0.0, 0.0, 0.0, 0.0]
[0.0, 0.0, 0.0, 0.0, 0.0]
[0.0, 0.0, 0.0, 0.0, 0.0]
experiment #20[1.0, 3.0, 3.0, 1.0, 0.0]
[2.0, 15.0, 19.0, 8.0, 4.0]
[1.0, 12.0, 9.0, 9.0, 1.0]
[0.0, 5.0, 15.0, 8.0, 2.0]
[0.0, 3.0, 2.0, 0.0, 0.0]
experiment #21[115.0, 35.0]
[32.0, 88.0]
experiment #22[14.0, 18.0]
[12.0, 111.0]
experiment #23[393.0, 207.0]
[215.0, 397.0]
experiment #24[3354.0, 118.0, 9.0, 0.0]
[152.0, 37.0, 5.0, 0.0]
[26.0, 8.0, 61.0, 0.0]
[2.0, 0.0, 0.0, 0.0]
experiment #25[386.0, 73.0]
[60.0, 2760.0]
experiment #26[85.0, 41.0]
[7.0, 218.0]
