experiment #1[5.0, 0.0, 3.0, 0.0, 0.0, 0.0]
[0.0, 99.0, 0.0, 0.0, 0.0, 0.0]
[0.0, 2.0, 680.0, 0.0, 0.0, 2.0]
[0.0, 0.0, 0.0, 0.0, 0.0, 0.0]
[0.0, 0.0, 0.0, 0.0, 67.0, 0.0]
[0.0, 0.0, 7.0, 0.0, 0.0, 33.0]
experiment #2[204.0, 15.0, 0.0, 3.0, 2.0, 5.0, 1.0, 0.0, 1.0, 9.0, 0.0, 0.0, 0.0, 2.0, 0.0, 3.0]
[19.0, 16.0, 0.0, 3.0, 2.0, 0.0, 0.0, 0.0, 0.0, 4.0, 0.0, 0.0, 0.0, 0.0, 0.0, 0.0]
[0.0, 1.0, 12.0, 0.0, 0.0, 2.0, 0.0, 0.0, 0.0, 0.0, 0.0, 0.0, 0.0, 0.0, 0.0, 0.0]
[3.0, 2.0, 0.0, 8.0, 1.0, 0.0, 0.0, 0.0, 1.0, 0.0, 0.0, 0.0, 0.0, 0.0, 0.0, 0.0]
[7.0, 0.0, 0.0, 0.0, 5.0, 0.0, 0.0, 0.0, 0.0, 0.0, 0.0, 0.0, 0.0, 0.0, 1.0, 0.0]
[7.0, 0.0, 1.0, 0.0, 0.0, 14.0, 0.0, 0.0, 0.0, 3.0, 0.0, 0.0, 0.0, 0.0, 0.0, 0.0]
[1.0, 0.0, 1.0, 1.0, 0.0, 0.0, 0.0, 0.0, 0.0, 0.0, 0.0, 0.0, 0.0, 0.0, 0.0, 0.0]
[1.0, 0.0, 0.0, 0.0, 0.0, 0.0, 0.0, 0.0, 0.0, 0.0, 0.0, 0.0, 0.0, 0.0, 0.0, 1.0]
[1.0, 0.0, 0.0, 0.0, 0.0, 0.0, 0.0, 1.0, 7.0, 0.0, 0.0, 0.0, 0.0, 0.0, 0.0, 0.0]
[18.0, 3.0, 0.0, 5.0, 2.0, 3.0, 0.0, 0.0, 0.0, 19.0, 0.0, 0.0, 0.0, 0.0, 0.0, 0.0]
[0.0, 0.0, 0.0, 0.0, 0.0, 0.0, 0.0, 0.0, 0.0, 0.0, 0.0, 0.0, 0.0, 0.0, 0.0, 0.0]
[0.0, 0.0, 0.0, 0.0, 0.0, 0.0, 0.0, 0.0, 0.0, 0.0, 0.0, 0.0, 0.0, 0.0, 0.0, 0.0]
[0.0, 0.0, 0.0, 0.0, 0.0, 0.0, 0.0, 0.0, 0.0, 0.0, 0.0, 0.0, 0.0, 0.0, 0.0, 0.0]
[1.0, 1.0, 0.0, 0.0, 1.0, 0.0, 0.0, 0.0, 0.0, 0.0, 0.0, 0.0, 0.0, 0.0, 0.0, 1.0]
[1.0, 1.0, 1.0, 0.0, 0.0, 0.0, 0.0, 0.0, 0.0, 1.0, 0.0, 0.0, 0.0, 0.0, 0.0, 1.0]
[13.0, 1.0, 1.0, 0.0, 0.0, 1.0, 1.0, 1.0, 1.0, 2.0, 0.0, 0.0, 0.0, 1.0, 0.0, 0.0]
experiment #3[0.0, 0.0, 0.0, 0.0, 0.0, 0.0, 0.0, 1.0, 0.0, 0.0, 0.0, 0.0, 0.0, 0.0, 0.0, 0.0, 0.0, 0.0, 0.0, 0.0, 0.0, 0.0, 0.0, 0.0]
[0.0, 0.0, 0.0, 0.0, 0.0, 0.0, 0.0, 1.0, 0.0, 0.0, 0.0, 0.0, 0.0, 0.0, 0.0, 0.0, 0.0, 0.0, 0.0, 0.0, 0.0, 0.0, 0.0, 0.0]
[0.0, 0.0, 54.0, 3.0, 0.0, 0.0, 0.0, 0.0, 0.0, 0.0, 0.0, 0.0, 0.0, 0.0, 0.0, 0.0, 0.0, 0.0, 0.0, 0.0, 0.0, 0.0, 0.0, 0.0]
[0.0, 0.0, 1.0, 19.0, 0.0, 0.0, 0.0, 0.0, 0.0, 0.0, 0.0, 0.0, 0.0, 0.0, 0.0, 0.0, 0.0, 0.0, 0.0, 0.0, 0.0, 0.0, 1.0, 0.0]
[0.0, 0.0, 1.0, 0.0, 0.0, 0.0, 0.0, 0.0, 0.0, 0.0, 0.0, 0.0, 0.0, 0.0, 0.0, 0.0, 0.0, 0.0, 0.0, 0.0, 0.0, 0.0, 0.0, 0.0]
[0.0, 0.0, 0.0, 0.0, 0.0, 2.0, 0.0, 0.0, 0.0, 0.0, 0.0, 0.0, 0.0, 0.0, 0.0, 0.0, 0.0, 0.0, 0.0, 0.0, 0.0, 0.0, 0.0, 0.0]
[0.0, 0.0, 0.0, 0.0, 0.0, 0.0, 18.0, 0.0, 0.0, 0.0, 0.0, 0.0, 0.0, 0.0, 0.0, 0.0, 0.0, 0.0, 2.0, 0.0, 0.0, 0.0, 0.0, 0.0]
[0.0, 0.0, 0.0, 0.0, 0.0, 0.0, 0.0, 41.0, 0.0, 0.0, 0.0, 0.0, 0.0, 0.0, 0.0, 0.0, 0.0, 0.0, 5.0, 0.0, 0.0, 1.0, 0.0, 0.0]
[0.0, 0.0, 0.0, 0.0, 0.0, 0.0, 0.0, 0.0, 2.0, 0.0, 0.0, 0.0, 0.0, 0.0, 0.0, 0.0, 0.0, 0.0, 0.0, 0.0, 0.0, 0.0, 0.0, 0.0]
[0.0, 0.0, 0.0, 0.0, 0.0, 0.0, 0.0, 0.0, 0.0, 6.0, 0.0, 0.0, 0.0, 0.0, 0.0, 0.0, 0.0, 0.0, 0.0, 0.0, 0.0, 0.0, 0.0, 0.0]
[0.0, 0.0, 0.0, 0.0, 0.0, 0.0, 0.0, 0.0, 0.0, 0.0, 0.0, 0.0, 0.0, 0.0, 1.0, 0.0, 0.0, 0.0, 0.0, 0.0, 0.0, 0.0, 0.0, 0.0]
[0.0, 0.0, 0.0, 0.0, 0.0, 0.0, 0.0, 0.0, 0.0, 0.0, 0.0, 3.0, 1.0, 0.0, 0.0, 0.0, 0.0, 0.0, 0.0, 0.0, 0.0, 0.0, 0.0, 0.0]
[0.0, 0.0, 0.0, 0.0, 0.0, 0.0, 0.0, 0.0, 0.0, 0.0, 0.0, 2.0, 0.0, 0.0, 0.0, 0.0, 0.0, 0.0, 0.0, 0.0, 0.0, 0.0, 0.0, 0.0]
[0.0, 0.0, 0.0, 0.0, 0.0, 0.0, 0.0, 0.0, 0.0, 0.0, 0.0, 0.0, 0.0, 2.0, 0.0, 0.0, 0.0, 0.0, 0.0, 0.0, 0.0, 0.0, 0.0, 0.0]
[0.0, 0.0, 0.0, 0.0, 0.0, 0.0, 0.0, 0.0, 0.0, 0.0, 0.0, 0.0, 0.0, 0.0, 9.0, 0.0, 0.0, 0.0, 0.0, 0.0, 0.0, 0.0, 0.0, 0.0]
[0.0, 0.0, 0.0, 0.0, 0.0, 0.0, 0.0, 0.0, 0.0, 0.0, 0.0, 0.0, 0.0, 0.0, 0.0, 3.0, 0.0, 0.0, 0.0, 0.0, 0.0, 0.0, 0.0, 0.0]
[0.0, 0.0, 0.0, 0.0, 0.0, 0.0, 0.0, 0.0, 0.0, 0.0, 0.0, 0.0, 0.0, 0.0, 0.0, 0.0, 0.0, 0.0, 0.0, 1.0, 0.0, 0.0, 0.0, 0.0]
[0.0, 0.0, 0.0, 0.0, 0.0, 0.0, 0.0, 0.0, 0.0, 0.0, 0.0, 0.0, 0.0, 0.0, 0.0, 0.0, 0.0, 2.0, 0.0, 0.0, 0.0, 0.0, 0.0, 0.0]
[0.0, 0.0, 2.0, 0.0, 0.0, 0.0, 0.0, 2.0, 0.0, 0.0, 0.0, 0.0, 0.0, 0.0, 0.0, 0.0, 0.0, 0.0, 18.0, 0.0, 0.0, 0.0, 0.0, 0.0]
[0.0, 0.0, 0.0, 0.0, 0.0, 0.0, 0.0, 1.0, 0.0, 0.0, 0.0, 0.0, 1.0, 0.0, 0.0, 1.0, 1.0, 0.0, 0.0, 0.0, 0.0, 0.0, 0.0, 0.0]
[0.0, 0.0, 0.0, 0.0, 0.0, 0.0, 0.0, 0.0, 0.0, 0.0, 0.0, 0.0, 0.0, 0.0, 0.0, 0.0, 0.0, 0.0, 1.0, 0.0, 0.0, 0.0, 0.0, 0.0]
[0.0, 0.0, 0.0, 0.0, 0.0, 0.0, 0.0, 0.0, 0.0, 0.0, 0.0, 0.0, 0.0, 0.0, 0.0, 0.0, 0.0, 0.0, 0.0, 0.0, 0.0, 4.0, 0.0, 0.0]
[0.0, 0.0, 0.0, 1.0, 1.0, 0.0, 0.0, 0.0, 0.0, 0.0, 0.0, 0.0, 0.0, 0.0, 0.0, 0.0, 0.0, 0.0, 0.0, 0.0, 0.0, 0.0, 6.0, 0.0]
[0.0, 0.0, 0.0, 0.0, 0.0, 0.0, 0.0, 2.0, 0.0, 0.0, 0.0, 0.0, 0.0, 0.0, 0.0, 0.0, 0.0, 0.0, 0.0, 0.0, 0.0, 0.0, 0.0, 0.0]
experiment #4[438.0, 20.0]
[18.0, 223.0]
experiment #5[16.0, 0.0, 0.0, 0.0, 0.0, 0.0]
[0.0, 4.0, 5.0, 1.0, 0.0, 0.0]
[0.0, 5.0, 31.0, 2.0, 4.0, 0.0]
[0.0, 1.0, 5.0, 3.0, 3.0, 0.0]
[0.0, 2.0, 2.0, 2.0, 2.0, 2.0]
[0.0, 1.0, 2.0, 0.0, 1.0, 3.0]
experiment #6[383.0, 62.0, 178.0]
[85.0, 126.0, 119.0]
[166.0, 97.0, 245.0]
experiment #7[590.0, 105.0]
[185.0, 112.0]
experiment #8[113.0, 115.0]
[60.0, 252.0]
experiment #9[412.0, 88.0]
[124.0, 144.0]
experiment #10[30.0, 0.0, 0.0, 0.0]
[0.0, 40.0, 0.0, 0.0]
[0.0, 0.0, 31.0, 0.0]
[0.0, 0.0, 0.0, 19.0]
experiment #11[16.0, 4.0]
[10.0, 27.0]
experiment #12[3.0, 0.0, 1.0]
[0.0, 5.0, 0.0]
[2.0, 1.0, 12.0]
experiment #13[2.0, 0.0, 0.0, 0.0]
[1.0, 64.0, 14.0, 1.0]
[1.0, 12.0, 46.0, 1.0]
[0.0, 0.0, 2.0, 2.0]
experiment #14[896.0, 404.0]
[401.0, 899.0]
experiment #15[447.0, 69.0]
[97.0, 348.0]
experiment #16[191.0, 1.0, 1.0, 0.0, 0.0, 0.0, 0.0, 1.0, 6.0, 0.0]
[0.0, 172.0, 8.0, 8.0, 2.0, 4.0, 2.0, 3.0, 0.0, 1.0]
[1.0, 3.0, 189.0, 3.0, 1.0, 2.0, 0.0, 0.0, 0.0, 1.0]
[0.0, 7.0, 3.0, 160.0, 3.0, 18.0, 2.0, 3.0, 3.0, 1.0]
[1.0, 4.0, 1.0, 0.0, 184.0, 2.0, 5.0, 0.0, 1.0, 2.0]
[1.0, 5.0, 2.0, 13.0, 4.0, 167.0, 2.0, 0.0, 2.0, 4.0]
[0.0, 1.0, 1.0, 1.0, 7.0, 3.0, 184.0, 0.0, 3.0, 0.0]
[2.0, 3.0, 3.0, 3.0, 0.0, 0.0, 0.0, 185.0, 0.0, 4.0]
[7.0, 5.0, 2.0, 2.0, 0.0, 4.0, 3.0, 0.0, 176.0, 1.0]
[0.0, 3.0, 2.0, 3.0, 0.0, 3.0, 0.0, 4.0, 2.0, 183.0]
experiment #17[54.0, 6.0]
[15.0, 47.0]
experiment #18[272.0, 18.0]
[142.0, 0.0]
experiment #19[4208.0, 0.0]
[0.0, 3916.0]
experiment #20[4320.0, 0.0, 0.0, 0.0, 0.0]
[0.0, 0.0, 2.0, 0.0, 0.0]
[0.0, 0.0, 264.0, 62.0, 0.0]
[0.0, 0.0, 57.0, 4070.0, 129.0]
[0.0, 0.0, 0.0, 77.0, 3967.0]
experiment #21[28.0, 20.0]
[18.0, 129.0]
experiment #22[63.0, 0.0, 0.0]
[2.0, 0.0, 0.0]
[24.0, 0.0, 0.0]
experiment #23[299.0, 0.0, 0.0, 1.0, 0.0, 0.0, 0.0]
[0.0, 297.0, 0.0, 3.0, 0.0, 0.0, 0.0]
[0.0, 0.0, 271.0, 4.0, 22.0, 0.0, 3.0]
[1.0, 2.0, 11.0, 281.0, 2.0, 0.0, 3.0]
[0.0, 0.0, 17.0, 2.0, 277.0, 1.0, 3.0]
[0.0, 0.0, 0.0, 0.0, 0.0, 300.0, 0.0]
[0.0, 0.0, 0.0, 2.0, 2.0, 0.0, 296.0]
experiment #24[150.0, 0.0, 1.0, 2.0, 2.0, 1.0, 1.0, 1.0, 2.0, 1.0]
[1.0, 135.0, 9.0, 2.0, 6.0, 2.0, 0.0, 2.0, 4.0, 1.0]
[0.0, 15.0, 113.0, 4.0, 6.0, 1.0, 1.0, 6.0, 11.0, 2.0]
[1.0, 4.0, 8.0, 123.0, 0.0, 6.0, 0.0, 5.0, 5.0, 7.0]
[2.0, 10.0, 3.0, 2.0, 121.0, 5.0, 6.0, 5.0, 3.0, 4.0]
[1.0, 0.0, 1.0, 13.0, 6.0, 127.0, 3.0, 1.0, 0.0, 7.0]
[2.0, 4.0, 5.0, 1.0, 1.0, 0.0, 144.0, 0.0, 4.0, 0.0]
[2.0, 11.0, 10.0, 1.0, 8.0, 2.0, 3.0, 113.0, 2.0, 6.0]
[2.0, 7.0, 23.0, 5.0, 2.0, 5.0, 4.0, 7.0, 87.0, 13.0]
[6.0, 5.0, 6.0, 16.0, 4.0, 11.0, 0.0, 1.0, 9.0, 100.0]
experiment #25[14.0, 0.0]
[1.0, 0.0]
experiment #26[1061.0, 0.0, 0.0]
[4.0, 0.0, 0.0]
[1.0, 0.0, 0.0]
experiment #27[2633.0, 155.0]
[167.0, 1646.0]
experiment #28[29.0, 10.0, 10.0]
[17.0, 25.0, 8.0]
[6.0, 11.0, 35.0]
experiment #29[258.0, 70.0]
[66.0, 552.0]
experiment #30[4.0, 1.0]
[0.0, 5.0]
experiment #31[122.0, 82.0, 2.0, 6.0]
[93.0, 102.0, 6.0, 16.0]
[3.0, 4.0, 207.0, 4.0]
[6.0, 12.0, 4.0, 177.0]
experiment #32[84.0, 1.0, 0.0, 0.0, 0.0, 0.0, 0.0, 0.0, 1.0, 4.0, 0.0]
[2.0, 80.0, 4.0, 0.0, 0.0, 1.0, 0.0, 0.0, 1.0, 1.0, 1.0]
[0.0, 8.0, 79.0, 2.0, 0.0, 0.0, 0.0, 0.0, 0.0, 0.0, 1.0]
[0.0, 1.0, 3.0, 78.0, 0.0, 7.0, 0.0, 0.0, 0.0, 0.0, 0.0]
[0.0, 0.0, 3.0, 2.0, 72.0, 7.0, 4.0, 0.0, 0.0, 0.0, 1.0]
[0.0, 0.0, 2.0, 5.0, 10.0, 67.0, 1.0, 0.0, 3.0, 0.0, 2.0]
[0.0, 2.0, 0.0, 0.0, 6.0, 1.0, 78.0, 2.0, 1.0, 0.0, 0.0]
[0.0, 0.0, 0.0, 0.0, 0.0, 0.0, 6.0, 76.0, 8.0, 0.0, 0.0]
[1.0, 1.0, 1.0, 0.0, 1.0, 2.0, 3.0, 5.0, 69.0, 2.0, 4.0]
[1.0, 1.0, 0.0, 0.0, 0.0, 0.0, 1.0, 0.0, 7.0, 80.0, 0.0]
[0.0, 1.0, 2.0, 3.0, 1.0, 7.0, 2.0, 0.0, 1.0, 0.0, 72.0]
experiment #33[0.0, 2.0, 8.0, 6.0, 3.0, 1.0, 0.0]
[0.0, 49.0, 63.0, 41.0, 9.0, 1.0, 0.0]
[9.0, 63.0, 900.0, 415.0, 62.0, 8.0, 0.0]
[9.0, 47.0, 442.0, 1382.0, 276.0, 42.0, 0.0]
[1.0, 9.0, 71.0, 283.0, 471.0, 45.0, 0.0]
[1.0, 0.0, 15.0, 53.0, 48.0, 58.0, 0.0]
[0.0, 0.0, 1.0, 1.0, 2.0, 1.0, 0.0]
experiment #34[41.0, 0.0, 0.0, 0.0, 0.0, 0.0, 0.0]
[0.0, 20.0, 0.0, 0.0, 0.0, 0.0, 0.0]
[0.0, 0.0, 3.0, 1.0, 0.0, 1.0, 0.0]
[0.0, 0.0, 0.0, 13.0, 0.0, 0.0, 0.0]
[0.0, 0.0, 1.0, 0.0, 3.0, 0.0, 0.0]
[0.0, 0.0, 0.0, 0.0, 0.0, 5.0, 3.0]
[0.0, 0.0, 0.0, 0.0, 0.0, 2.0, 8.0]
