experiment #1[5.0, 0.0, 3.0, 0.0, 0.0, 0.0]
[0.0, 99.0, 0.0, 0.0, 0.0, 0.0]
[0.0, 2.0, 680.0, 0.0, 0.0, 2.0]
[0.0, 0.0, 0.0, 0.0, 0.0, 0.0]
[0.0, 0.0, 0.0, 0.0, 67.0, 0.0]
[0.0, 0.0, 7.0, 0.0, 0.0, 33.0]
experiment #2[200.0, 17.0, 0.0, 3.0, 2.0, 5.0, 0.0, 1.0, 2.0, 9.0, 0.0, 0.0, 0.0, 1.0, 0.0, 5.0]
[15.0, 20.0, 0.0, 3.0, 0.0, 0.0, 0.0, 0.0, 0.0, 4.0, 0.0, 0.0, 0.0, 1.0, 0.0, 1.0]
[0.0, 1.0, 12.0, 0.0, 0.0, 2.0, 0.0, 0.0, 0.0, 0.0, 0.0, 0.0, 0.0, 0.0, 0.0, 0.0]
[3.0, 1.0, 0.0, 8.0, 1.0, 0.0, 0.0, 0.0, 1.0, 1.0, 0.0, 0.0, 0.0, 0.0, 0.0, 0.0]
[5.0, 0.0, 0.0, 0.0, 7.0, 0.0, 0.0, 0.0, 0.0, 0.0, 0.0, 0.0, 0.0, 0.0, 1.0, 0.0]
[5.0, 0.0, 1.0, 0.0, 0.0, 15.0, 0.0, 0.0, 0.0, 4.0, 0.0, 0.0, 0.0, 0.0, 0.0, 0.0]
[1.0, 0.0, 1.0, 1.0, 0.0, 0.0, 0.0, 0.0, 0.0, 0.0, 0.0, 0.0, 0.0, 0.0, 0.0, 0.0]
[1.0, 0.0, 0.0, 0.0, 0.0, 0.0, 0.0, 0.0, 0.0, 0.0, 0.0, 0.0, 0.0, 0.0, 0.0, 1.0]
[1.0, 0.0, 0.0, 0.0, 0.0, 0.0, 0.0, 1.0, 7.0, 0.0, 0.0, 0.0, 0.0, 0.0, 0.0, 0.0]
[15.0, 3.0, 0.0, 5.0, 2.0, 3.0, 0.0, 0.0, 0.0, 22.0, 0.0, 0.0, 0.0, 0.0, 0.0, 0.0]
[0.0, 0.0, 0.0, 0.0, 0.0, 0.0, 0.0, 0.0, 0.0, 0.0, 0.0, 0.0, 0.0, 0.0, 0.0, 0.0]
[0.0, 0.0, 0.0, 0.0, 0.0, 0.0, 0.0, 0.0, 0.0, 0.0, 0.0, 0.0, 0.0, 0.0, 0.0, 0.0]
[0.0, 0.0, 0.0, 0.0, 0.0, 0.0, 0.0, 0.0, 0.0, 0.0, 0.0, 0.0, 0.0, 0.0, 0.0, 0.0]
[1.0, 1.0, 0.0, 0.0, 1.0, 0.0, 0.0, 0.0, 0.0, 0.0, 0.0, 0.0, 0.0, 0.0, 0.0, 1.0]
[1.0, 1.0, 1.0, 0.0, 0.0, 0.0, 0.0, 0.0, 0.0, 1.0, 0.0, 0.0, 0.0, 0.0, 0.0, 1.0]
[12.0, 1.0, 1.0, 0.0, 1.0, 1.0, 1.0, 1.0, 1.0, 2.0, 0.0, 0.0, 0.0, 1.0, 0.0, 0.0]
experiment #3[0.0, 0.0, 0.0, 0.0, 0.0, 0.0, 0.0, 1.0, 0.0, 0.0, 0.0, 0.0, 0.0, 0.0, 0.0, 0.0, 0.0, 0.0, 0.0, 0.0, 0.0, 0.0, 0.0, 0.0]
[0.0, 0.0, 0.0, 0.0, 0.0, 0.0, 0.0, 1.0, 0.0, 0.0, 0.0, 0.0, 0.0, 0.0, 0.0, 0.0, 0.0, 0.0, 0.0, 0.0, 0.0, 0.0, 0.0, 0.0]
[0.0, 0.0, 54.0, 3.0, 0.0, 0.0, 0.0, 0.0, 0.0, 0.0, 0.0, 0.0, 0.0, 0.0, 0.0, 0.0, 0.0, 0.0, 0.0, 0.0, 0.0, 0.0, 0.0, 0.0]
[0.0, 0.0, 0.0, 20.0, 0.0, 0.0, 0.0, 0.0, 0.0, 0.0, 0.0, 0.0, 0.0, 0.0, 1.0, 0.0, 0.0, 0.0, 0.0, 0.0, 0.0, 0.0, 1.0, 0.0]
[0.0, 0.0, 1.0, 0.0, 0.0, 0.0, 0.0, 0.0, 0.0, 0.0, 0.0, 0.0, 0.0, 0.0, 0.0, 0.0, 0.0, 0.0, 0.0, 0.0, 0.0, 0.0, 0.0, 0.0]
[0.0, 0.0, 0.0, 0.0, 0.0, 0.0, 2.0, 0.0, 0.0, 0.0, 0.0, 0.0, 0.0, 0.0, 0.0, 0.0, 0.0, 0.0, 0.0, 0.0, 0.0, 0.0, 0.0, 0.0]
[0.0, 0.0, 0.0, 0.0, 0.0, 0.0, 17.0, 3.0, 0.0, 0.0, 0.0, 0.0, 0.0, 0.0, 0.0, 0.0, 0.0, 0.0, 0.0, 0.0, 0.0, 0.0, 0.0, 0.0]
[0.0, 0.0, 0.0, 0.0, 0.0, 0.0, 5.0, 36.0, 0.0, 0.0, 0.0, 0.0, 0.0, 0.0, 0.0, 0.0, 0.0, 0.0, 6.0, 0.0, 0.0, 1.0, 0.0, 0.0]
[0.0, 0.0, 0.0, 0.0, 0.0, 0.0, 0.0, 0.0, 0.0, 0.0, 0.0, 0.0, 0.0, 2.0, 0.0, 0.0, 0.0, 0.0, 0.0, 0.0, 0.0, 0.0, 0.0, 0.0]
[0.0, 0.0, 0.0, 0.0, 0.0, 0.0, 0.0, 0.0, 0.0, 6.0, 0.0, 0.0, 0.0, 0.0, 0.0, 0.0, 0.0, 0.0, 0.0, 0.0, 0.0, 0.0, 0.0, 0.0]
[0.0, 0.0, 0.0, 0.0, 0.0, 0.0, 0.0, 0.0, 0.0, 0.0, 0.0, 0.0, 0.0, 0.0, 2.0, 0.0, 0.0, 0.0, 0.0, 0.0, 0.0, 0.0, 0.0, 0.0]
[0.0, 0.0, 0.0, 0.0, 0.0, 0.0, 0.0, 0.0, 0.0, 0.0, 0.0, 3.0, 1.0, 0.0, 0.0, 0.0, 0.0, 0.0, 0.0, 0.0, 0.0, 0.0, 0.0, 0.0]
[0.0, 0.0, 0.0, 0.0, 0.0, 0.0, 0.0, 0.0, 0.0, 0.0, 0.0, 2.0, 0.0, 0.0, 0.0, 0.0, 0.0, 0.0, 0.0, 0.0, 0.0, 0.0, 0.0, 0.0]
[0.0, 0.0, 0.0, 0.0, 0.0, 0.0, 0.0, 0.0, 2.0, 0.0, 0.0, 0.0, 0.0, 0.0, 0.0, 0.0, 0.0, 0.0, 0.0, 0.0, 0.0, 0.0, 0.0, 0.0]
[0.0, 0.0, 0.0, 0.0, 0.0, 0.0, 0.0, 0.0, 0.0, 0.0, 0.0, 0.0, 0.0, 0.0, 9.0, 0.0, 0.0, 0.0, 0.0, 0.0, 0.0, 0.0, 0.0, 0.0]
[0.0, 0.0, 0.0, 0.0, 0.0, 0.0, 0.0, 0.0, 0.0, 0.0, 0.0, 0.0, 0.0, 0.0, 0.0, 3.0, 0.0, 0.0, 0.0, 0.0, 0.0, 0.0, 0.0, 0.0]
[0.0, 0.0, 0.0, 0.0, 0.0, 0.0, 0.0, 0.0, 0.0, 0.0, 0.0, 0.0, 0.0, 0.0, 0.0, 0.0, 0.0, 1.0, 0.0, 0.0, 0.0, 0.0, 0.0, 0.0]
[0.0, 0.0, 0.0, 0.0, 0.0, 0.0, 0.0, 0.0, 0.0, 0.0, 0.0, 0.0, 0.0, 0.0, 0.0, 0.0, 2.0, 0.0, 0.0, 0.0, 0.0, 0.0, 0.0, 0.0]
[0.0, 0.0, 2.0, 0.0, 0.0, 0.0, 1.0, 1.0, 0.0, 0.0, 0.0, 0.0, 0.0, 0.0, 0.0, 0.0, 0.0, 0.0, 18.0, 0.0, 0.0, 0.0, 0.0, 0.0]
[0.0, 0.0, 0.0, 0.0, 0.0, 0.0, 0.0, 1.0, 0.0, 0.0, 0.0, 0.0, 0.0, 0.0, 0.0, 2.0, 0.0, 1.0, 0.0, 0.0, 0.0, 0.0, 0.0, 0.0]
[0.0, 0.0, 0.0, 0.0, 0.0, 0.0, 0.0, 0.0, 0.0, 0.0, 0.0, 0.0, 0.0, 0.0, 0.0, 0.0, 0.0, 0.0, 1.0, 0.0, 0.0, 0.0, 0.0, 0.0]
[0.0, 0.0, 0.0, 0.0, 0.0, 0.0, 0.0, 0.0, 0.0, 0.0, 0.0, 0.0, 0.0, 0.0, 0.0, 0.0, 0.0, 0.0, 0.0, 0.0, 0.0, 4.0, 0.0, 0.0]
[0.0, 0.0, 1.0, 1.0, 0.0, 0.0, 0.0, 0.0, 0.0, 0.0, 0.0, 0.0, 0.0, 0.0, 0.0, 0.0, 0.0, 0.0, 0.0, 0.0, 0.0, 0.0, 6.0, 0.0]
[0.0, 0.0, 0.0, 0.0, 0.0, 0.0, 0.0, 2.0, 0.0, 0.0, 0.0, 0.0, 0.0, 0.0, 0.0, 0.0, 0.0, 0.0, 0.0, 0.0, 0.0, 0.0, 0.0, 0.0]
experiment #4[438.0, 20.0]
[18.0, 223.0]
experiment #5[16.0, 0.0, 0.0, 0.0, 0.0, 0.0]
[0.0, 2.0, 4.0, 4.0, 1.0, 0.0]
[0.0, 1.0, 33.0, 8.0, 0.0, 2.0]
[0.0, 0.0, 8.0, 4.0, 1.0, 0.0]
[0.0, 1.0, 6.0, 1.0, 1.0, 2.0]
[0.0, 0.0, 5.0, 1.0, 0.0, 4.0]
experiment #6[383.0, 61.0, 185.0]
[86.0, 126.0, 121.0]
[156.0, 96.0, 259.0]
experiment #7[588.0, 112.0]
[183.0, 117.0]
experiment #8[0.0, 228.0]
[0.0, 312.0]
experiment #9[407.0, 93.0]
[108.0, 160.0]
experiment #10[30.0, 0.0, 0.0, 0.0]
[0.0, 40.0, 0.0, 0.0]
[0.0, 0.0, 31.0, 0.0]
[0.0, 0.0, 0.0, 19.0]
experiment #11[14.0, 6.0]
[9.0, 28.0]
experiment #12[3.0, 0.0, 1.0]
[0.0, 5.0, 0.0]
[2.0, 1.0, 12.0]
experiment #13[2.0, 0.0, 0.0, 0.0]
[1.0, 64.0, 15.0, 1.0]
[1.0, 13.0, 46.0, 1.0]
[0.0, 0.0, 2.0, 2.0]
experiment #14[896.0, 404.0]
[401.0, 899.0]
experiment #15[433.0, 83.0]
[87.0, 358.0]
experiment #16[187.0, 1.0, 1.0, 0.0, 0.0, 0.0, 0.0, 1.0, 10.0, 0.0]
[0.0, 171.0, 8.0, 8.0, 1.0, 3.0, 2.0, 3.0, 2.0, 2.0]
[1.0, 3.0, 188.0, 3.0, 1.0, 1.0, 1.0, 0.0, 1.0, 1.0]
[0.0, 7.0, 2.0, 156.0, 3.0, 19.0, 3.0, 6.0, 3.0, 1.0]
[1.0, 4.0, 1.0, 0.0, 183.0, 3.0, 5.0, 0.0, 1.0, 2.0]
[1.0, 5.0, 3.0, 11.0, 3.0, 166.0, 2.0, 0.0, 4.0, 5.0]
[0.0, 1.0, 1.0, 1.0, 6.0, 3.0, 184.0, 0.0, 4.0, 0.0]
[1.0, 3.0, 3.0, 3.0, 0.0, 0.0, 0.0, 185.0, 0.0, 5.0]
[7.0, 5.0, 2.0, 2.0, 0.0, 4.0, 3.0, 0.0, 176.0, 1.0]
[0.0, 3.0, 2.0, 3.0, 0.0, 3.0, 0.0, 4.0, 2.0, 183.0]
experiment #17[55.0, 7.0]
[15.0, 47.0]
experiment #18[290.0, 0.0]
[142.0, 0.0]
experiment #19[4208.0, 0.0]
[0.0, 3916.0]
experiment #20[4320.0, 0.0, 0.0, 0.0, 0.0]
[0.0, 0.0, 2.0, 0.0, 0.0]
[0.0, 0.0, 238.0, 90.0, 0.0]
[0.0, 0.0, 56.0, 4049.0, 161.0]
[0.0, 0.0, 0.0, 73.0, 3971.0]
experiment #21[28.0, 20.0]
[18.0, 129.0]
experiment #22[63.0, 0.0, 1.0]
[2.0, 0.0, 0.0]
[24.0, 0.0, 0.0]
experiment #23[299.0, 0.0, 0.0, 1.0, 0.0, 0.0, 0.0]
[0.0, 297.0, 0.0, 3.0, 0.0, 0.0, 0.0]
[0.0, 0.0, 271.0, 4.0, 22.0, 0.0, 3.0]
[1.0, 2.0, 11.0, 281.0, 2.0, 0.0, 3.0]
[0.0, 0.0, 17.0, 2.0, 276.0, 1.0, 4.0]
[0.0, 0.0, 0.0, 0.0, 0.0, 300.0, 0.0]
[0.0, 0.0, 0.0, 2.0, 2.0, 0.0, 296.0]
experiment #24[150.0, 0.0, 1.0, 2.0, 2.0, 0.0, 1.0, 1.0, 2.0, 2.0]
[1.0, 134.0, 7.0, 2.0, 5.0, 3.0, 1.0, 2.0, 5.0, 2.0]
[0.0, 13.0, 109.0, 4.0, 5.0, 1.0, 4.0, 5.0, 14.0, 4.0]
[1.0, 4.0, 7.0, 120.0, 0.0, 6.0, 0.0, 5.0, 6.0, 10.0]
[2.0, 9.0, 3.0, 1.0, 116.0, 6.0, 7.0, 6.0, 5.0, 6.0]
[1.0, 0.0, 1.0, 13.0, 6.0, 127.0, 3.0, 1.0, 0.0, 7.0]
[2.0, 4.0, 5.0, 1.0, 1.0, 0.0, 143.0, 0.0, 5.0, 0.0]
[2.0, 8.0, 11.0, 1.0, 7.0, 1.0, 5.0, 115.0, 2.0, 6.0]
[2.0, 6.0, 22.0, 3.0, 2.0, 3.0, 5.0, 7.0, 92.0, 13.0]
[4.0, 4.0, 5.0, 16.0, 6.0, 9.0, 0.0, 2.0, 10.0, 102.0]
experiment #25[14.0, 0.0]
[1.0, 0.0]
experiment #26[1061.0, 0.0, 0.0]
[4.0, 0.0, 0.0]
[1.0, 0.0, 0.0]
experiment #27[2632.0, 156.0]
[167.0, 1646.0]
experiment #28[29.0, 10.0, 10.0]
[16.0, 26.0, 8.0]
[6.0, 11.0, 35.0]
experiment #29[255.0, 77.0]
[71.0, 555.0]
experiment #30[4.0, 1.0]
[0.0, 5.0]
experiment #31[130.0, 74.0, 2.0, 6.0]
[96.0, 99.0, 6.0, 16.0]
[3.0, 4.0, 207.0, 4.0]
[6.0, 12.0, 4.0, 177.0]
experiment #32[83.0, 2.0, 0.0, 0.0, 0.0, 0.0, 0.0, 0.0, 1.0, 4.0, 0.0]
[2.0, 74.0, 7.0, 0.0, 0.0, 1.0, 0.0, 0.0, 1.0, 3.0, 2.0]
[0.0, 6.0, 78.0, 4.0, 0.0, 0.0, 0.0, 0.0, 0.0, 0.0, 2.0]
[0.0, 1.0, 3.0, 76.0, 1.0, 8.0, 0.0, 0.0, 0.0, 0.0, 1.0]
[0.0, 0.0, 3.0, 2.0, 66.0, 12.0, 5.0, 0.0, 1.0, 0.0, 1.0]
[0.0, 0.0, 2.0, 5.0, 17.0, 60.0, 1.0, 0.0, 3.0, 0.0, 2.0]
[0.0, 2.0, 0.0, 0.0, 7.0, 0.0, 77.0, 2.0, 2.0, 0.0, 0.0]
[0.0, 0.0, 0.0, 0.0, 0.0, 0.0, 6.0, 74.0, 9.0, 1.0, 0.0]
[1.0, 1.0, 1.0, 0.0, 1.0, 2.0, 2.0, 7.0, 64.0, 5.0, 6.0]
[1.0, 1.0, 0.0, 0.0, 0.0, 0.0, 0.0, 0.0, 6.0, 82.0, 0.0]
[0.0, 1.0, 1.0, 3.0, 1.0, 7.0, 3.0, 0.0, 1.0, 0.0, 73.0]
experiment #33[0.0, 2.0, 8.0, 6.0, 3.0, 1.0, 0.0]
[0.0, 45.0, 66.0, 42.0, 10.0, 0.0, 0.0]
[8.0, 60.0, 877.0, 441.0, 63.0, 8.0, 0.0]
[9.0, 43.0, 426.0, 1394.0, 284.0, 42.0, 0.0]
[1.0, 9.0, 67.0, 285.0, 473.0, 45.0, 0.0]
[1.0, 0.0, 15.0, 50.0, 51.0, 58.0, 0.0]
[0.0, 0.0, 1.0, 1.0, 2.0, 1.0, 0.0]
experiment #34[41.0, 0.0, 0.0, 0.0, 0.0, 0.0, 0.0]
[0.0, 20.0, 0.0, 0.0, 0.0, 0.0, 0.0]
[0.0, 0.0, 3.0, 1.0, 0.0, 1.0, 0.0]
[0.0, 0.0, 0.0, 13.0, 0.0, 0.0, 0.0]
[0.0, 0.0, 1.0, 0.0, 3.0, 0.0, 0.0]
[0.0, 0.0, 0.0, 0.0, 0.0, 5.0, 3.0]
[0.0, 0.0, 0.0, 0.0, 0.0, 2.0, 8.0]
