experiment #1[5.0, 0.0, 3.0, 0.0, 0.0, 0.0]
[0.0, 99.0, 0.0, 0.0, 0.0, 0.0]
[1.0, 2.0, 681.0, 0.0, 0.0, 0.0]
[0.0, 0.0, 0.0, 0.0, 0.0, 0.0]
[0.0, 0.0, 0.0, 0.0, 67.0, 0.0]
[0.0, 0.0, 7.0, 0.0, 0.0, 33.0]
experiment #2[197.0, 15.0, 0.0, 1.0, 4.0, 5.0, 3.0, 1.0, 1.0, 8.0, 0.0, 0.0, 0.0, 3.0, 2.0, 5.0]
[16.0, 18.0, 0.0, 3.0, 2.0, 0.0, 0.0, 0.0, 0.0, 4.0, 0.0, 0.0, 0.0, 0.0, 1.0, 0.0]
[0.0, 1.0, 12.0, 0.0, 0.0, 0.0, 1.0, 0.0, 0.0, 0.0, 0.0, 0.0, 0.0, 0.0, 1.0, 0.0]
[3.0, 2.0, 0.0, 8.0, 1.0, 0.0, 0.0, 0.0, 1.0, 0.0, 0.0, 0.0, 0.0, 0.0, 0.0, 0.0]
[6.0, 0.0, 0.0, 0.0, 5.0, 0.0, 0.0, 0.0, 0.0, 0.0, 0.0, 0.0, 0.0, 0.0, 1.0, 1.0]
[5.0, 0.0, 1.0, 0.0, 0.0, 15.0, 0.0, 0.0, 0.0, 4.0, 0.0, 0.0, 0.0, 0.0, 0.0, 0.0]
[1.0, 0.0, 1.0, 1.0, 0.0, 0.0, 0.0, 0.0, 0.0, 0.0, 0.0, 0.0, 0.0, 0.0, 0.0, 0.0]
[1.0, 0.0, 0.0, 0.0, 0.0, 0.0, 0.0, 0.0, 0.0, 0.0, 0.0, 0.0, 0.0, 0.0, 0.0, 1.0]
[0.0, 0.0, 0.0, 0.0, 0.0, 0.0, 0.0, 1.0, 7.0, 1.0, 0.0, 0.0, 0.0, 0.0, 0.0, 0.0]
[17.0, 2.0, 0.0, 5.0, 2.0, 3.0, 0.0, 0.0, 0.0, 21.0, 0.0, 0.0, 0.0, 0.0, 0.0, 0.0]
[0.0, 0.0, 0.0, 0.0, 0.0, 0.0, 0.0, 0.0, 0.0, 0.0, 0.0, 0.0, 0.0, 0.0, 0.0, 0.0]
[0.0, 0.0, 0.0, 0.0, 0.0, 0.0, 0.0, 0.0, 0.0, 0.0, 0.0, 0.0, 0.0, 0.0, 0.0, 0.0]
[0.0, 0.0, 0.0, 0.0, 0.0, 0.0, 0.0, 0.0, 0.0, 0.0, 0.0, 0.0, 0.0, 0.0, 0.0, 0.0]
[1.0, 1.0, 0.0, 0.0, 0.0, 0.0, 0.0, 0.0, 0.0, 0.0, 0.0, 0.0, 0.0, 1.0, 0.0, 1.0]
[1.0, 1.0, 1.0, 0.0, 0.0, 0.0, 0.0, 0.0, 0.0, 1.0, 0.0, 0.0, 0.0, 0.0, 0.0, 1.0]
[13.0, 1.0, 1.0, 0.0, 0.0, 1.0, 0.0, 1.0, 1.0, 1.0, 0.0, 0.0, 0.0, 0.0, 2.0, 1.0]
experiment #3[0.0, 0.0, 0.0, 0.0, 0.0, 0.0, 0.0, 1.0, 0.0, 0.0, 0.0, 0.0, 0.0, 0.0, 0.0, 0.0, 0.0, 0.0, 0.0, 0.0, 0.0, 0.0, 0.0, 0.0]
[0.0, 0.0, 0.0, 0.0, 0.0, 0.0, 0.0, 1.0, 0.0, 0.0, 0.0, 0.0, 0.0, 0.0, 0.0, 0.0, 0.0, 0.0, 0.0, 0.0, 0.0, 0.0, 0.0, 0.0]
[0.0, 0.0, 54.0, 3.0, 0.0, 0.0, 0.0, 0.0, 0.0, 0.0, 0.0, 0.0, 0.0, 0.0, 0.0, 0.0, 0.0, 0.0, 0.0, 0.0, 0.0, 0.0, 0.0, 0.0]
[0.0, 0.0, 1.0, 19.0, 0.0, 0.0, 0.0, 0.0, 0.0, 0.0, 0.0, 0.0, 0.0, 0.0, 0.0, 0.0, 0.0, 0.0, 0.0, 0.0, 0.0, 0.0, 1.0, 0.0]
[0.0, 0.0, 1.0, 0.0, 0.0, 0.0, 0.0, 0.0, 0.0, 0.0, 0.0, 0.0, 0.0, 0.0, 0.0, 0.0, 0.0, 0.0, 0.0, 0.0, 0.0, 0.0, 0.0, 0.0]
[0.0, 0.0, 0.0, 0.0, 0.0, 2.0, 0.0, 0.0, 0.0, 0.0, 0.0, 0.0, 0.0, 0.0, 0.0, 0.0, 0.0, 0.0, 0.0, 0.0, 0.0, 0.0, 0.0, 0.0]
[0.0, 0.0, 0.0, 0.0, 0.0, 0.0, 18.0, 0.0, 0.0, 0.0, 0.0, 0.0, 0.0, 0.0, 0.0, 0.0, 0.0, 0.0, 2.0, 0.0, 0.0, 0.0, 0.0, 0.0]
[0.0, 0.0, 0.0, 0.0, 0.0, 0.0, 0.0, 41.0, 0.0, 0.0, 0.0, 0.0, 0.0, 0.0, 0.0, 0.0, 0.0, 0.0, 5.0, 0.0, 0.0, 1.0, 0.0, 0.0]
[0.0, 0.0, 0.0, 0.0, 0.0, 0.0, 0.0, 0.0, 2.0, 0.0, 0.0, 0.0, 0.0, 0.0, 0.0, 0.0, 0.0, 0.0, 0.0, 0.0, 0.0, 0.0, 0.0, 0.0]
[0.0, 0.0, 0.0, 0.0, 0.0, 0.0, 0.0, 0.0, 0.0, 6.0, 0.0, 0.0, 0.0, 0.0, 0.0, 0.0, 0.0, 0.0, 0.0, 0.0, 0.0, 0.0, 0.0, 0.0]
[0.0, 0.0, 0.0, 0.0, 0.0, 0.0, 0.0, 0.0, 0.0, 0.0, 0.0, 0.0, 0.0, 0.0, 1.0, 0.0, 0.0, 0.0, 0.0, 0.0, 0.0, 0.0, 0.0, 0.0]
[0.0, 0.0, 0.0, 0.0, 0.0, 0.0, 0.0, 0.0, 0.0, 0.0, 0.0, 3.0, 1.0, 0.0, 0.0, 0.0, 0.0, 0.0, 0.0, 0.0, 0.0, 0.0, 0.0, 0.0]
[0.0, 0.0, 0.0, 0.0, 0.0, 0.0, 0.0, 0.0, 0.0, 0.0, 0.0, 2.0, 0.0, 0.0, 0.0, 0.0, 0.0, 0.0, 0.0, 0.0, 0.0, 0.0, 0.0, 0.0]
[0.0, 0.0, 0.0, 0.0, 0.0, 0.0, 0.0, 0.0, 0.0, 0.0, 0.0, 0.0, 0.0, 2.0, 0.0, 0.0, 0.0, 0.0, 0.0, 0.0, 0.0, 0.0, 0.0, 0.0]
[0.0, 0.0, 0.0, 0.0, 0.0, 0.0, 0.0, 0.0, 0.0, 0.0, 0.0, 0.0, 0.0, 0.0, 9.0, 0.0, 0.0, 0.0, 0.0, 0.0, 0.0, 0.0, 0.0, 0.0]
[0.0, 0.0, 0.0, 0.0, 0.0, 0.0, 0.0, 0.0, 0.0, 0.0, 0.0, 0.0, 0.0, 0.0, 0.0, 3.0, 0.0, 0.0, 0.0, 0.0, 0.0, 0.0, 0.0, 0.0]
[0.0, 0.0, 0.0, 0.0, 0.0, 0.0, 0.0, 0.0, 0.0, 0.0, 0.0, 0.0, 0.0, 0.0, 0.0, 0.0, 0.0, 0.0, 0.0, 1.0, 0.0, 0.0, 0.0, 0.0]
[0.0, 0.0, 0.0, 0.0, 0.0, 0.0, 0.0, 0.0, 0.0, 0.0, 0.0, 0.0, 0.0, 0.0, 0.0, 0.0, 0.0, 2.0, 0.0, 0.0, 0.0, 0.0, 0.0, 0.0]
[0.0, 0.0, 2.0, 0.0, 0.0, 0.0, 0.0, 2.0, 0.0, 0.0, 0.0, 0.0, 0.0, 0.0, 0.0, 0.0, 0.0, 0.0, 18.0, 0.0, 0.0, 0.0, 0.0, 0.0]
[0.0, 0.0, 0.0, 0.0, 0.0, 0.0, 0.0, 1.0, 0.0, 0.0, 0.0, 0.0, 1.0, 0.0, 0.0, 1.0, 1.0, 0.0, 0.0, 0.0, 0.0, 0.0, 0.0, 0.0]
[0.0, 0.0, 0.0, 0.0, 0.0, 0.0, 0.0, 0.0, 0.0, 0.0, 0.0, 0.0, 0.0, 0.0, 0.0, 0.0, 0.0, 0.0, 1.0, 0.0, 0.0, 0.0, 0.0, 0.0]
[0.0, 0.0, 0.0, 0.0, 0.0, 0.0, 0.0, 0.0, 0.0, 0.0, 0.0, 0.0, 0.0, 0.0, 0.0, 0.0, 0.0, 0.0, 0.0, 0.0, 0.0, 4.0, 0.0, 0.0]
[0.0, 0.0, 0.0, 1.0, 1.0, 0.0, 0.0, 0.0, 0.0, 0.0, 0.0, 0.0, 0.0, 0.0, 0.0, 0.0, 0.0, 0.0, 0.0, 0.0, 0.0, 0.0, 6.0, 0.0]
[0.0, 0.0, 0.0, 0.0, 0.0, 0.0, 0.0, 2.0, 0.0, 0.0, 0.0, 0.0, 0.0, 0.0, 0.0, 0.0, 0.0, 0.0, 0.0, 0.0, 0.0, 0.0, 0.0, 0.0]
experiment #4[440.0, 18.0]
[18.0, 223.0]
experiment #5[16.0, 0.0, 0.0, 0.0, 0.0, 0.0]
[0.0, 5.0, 3.0, 1.0, 1.0, 0.0]
[0.0, 2.0, 37.0, 2.0, 0.0, 1.0]
[0.0, 0.0, 6.0, 4.0, 2.0, 0.0]
[0.0, 3.0, 3.0, 1.0, 1.0, 2.0]
[0.0, 0.0, 2.0, 0.0, 2.0, 3.0]
experiment #6[404.0, 61.0, 158.0]
[121.0, 113.0, 96.0]
[196.0, 94.0, 218.0]
experiment #7[576.0, 119.0]
[175.0, 122.0]
experiment #8[112.0, 116.0]
[44.0, 268.0]
experiment #9[401.0, 99.0]
[115.0, 153.0]
experiment #10[30.0, 0.0, 0.0, 0.0]
[0.0, 40.0, 0.0, 0.0]
[0.0, 0.0, 31.0, 0.0]
[0.0, 0.0, 0.0, 19.0]
experiment #11[17.0, 3.0]
[9.0, 28.0]
experiment #12[3.0, 0.0, 1.0]
[0.0, 5.0, 0.0]
[2.0, 1.0, 12.0]
experiment #13[2.0, 0.0, 0.0, 0.0]
[1.0, 63.0, 15.0, 1.0]
[1.0, 12.0, 46.0, 1.0]
[0.0, 0.0, 2.0, 2.0]
experiment #14[896.0, 404.0]
[401.0, 899.0]
experiment #15[434.0, 82.0]
[90.0, 355.0]
experiment #16[189.0, 1.0, 1.0, 0.0, 0.0, 0.0, 0.0, 1.0, 8.0, 0.0]
[0.0, 172.0, 5.0, 6.0, 2.0, 4.0, 2.0, 3.0, 2.0, 4.0]
[1.0, 1.0, 190.0, 3.0, 1.0, 2.0, 0.0, 0.0, 1.0, 1.0]
[0.0, 5.0, 2.0, 161.0, 2.0, 18.0, 3.0, 5.0, 3.0, 1.0]
[1.0, 2.0, 1.0, 0.0, 186.0, 2.0, 5.0, 0.0, 1.0, 2.0]
[1.0, 4.0, 1.0, 12.0, 2.0, 169.0, 2.0, 1.0, 3.0, 5.0]
[0.0, 1.0, 0.0, 1.0, 3.0, 4.0, 188.0, 0.0, 3.0, 0.0]
[1.0, 1.0, 2.0, 3.0, 0.0, 0.0, 0.0, 188.0, 0.0, 5.0]
[4.0, 4.0, 1.0, 2.0, 0.0, 3.0, 4.0, 0.0, 181.0, 1.0]
[0.0, 3.0, 2.0, 3.0, 0.0, 3.0, 0.0, 4.0, 2.0, 183.0]
experiment #17[53.0, 7.0]
[14.0, 48.0]
experiment #18[254.0, 36.0]
[140.0, 2.0]
experiment #19[4208.0, 0.0]
[0.0, 3916.0]
experiment #20[4320.0, 0.0, 0.0, 0.0, 0.0]
[0.0, 0.0, 2.0, 0.0, 0.0]
[0.0, 0.0, 266.0, 60.0, 0.0]
[0.0, 0.0, 56.0, 4072.0, 128.0]
[0.0, 0.0, 0.0, 76.0, 3968.0]
experiment #21[28.0, 20.0]
[18.0, 129.0]
experiment #22[63.0, 0.0, 0.0]
[2.0, 0.0, 0.0]
[24.0, 0.0, 0.0]
experiment #23[299.0, 0.0, 0.0, 1.0, 0.0, 0.0, 0.0]
[0.0, 297.0, 0.0, 3.0, 0.0, 0.0, 0.0]
[0.0, 0.0, 275.0, 6.0, 18.0, 0.0, 1.0]
[1.0, 2.0, 12.0, 281.0, 1.0, 0.0, 3.0]
[0.0, 0.0, 20.0, 4.0, 272.0, 1.0, 3.0]
[0.0, 0.0, 0.0, 0.0, 0.0, 300.0, 0.0]
[0.0, 0.0, 0.0, 2.0, 2.0, 0.0, 296.0]
experiment #24[150.0, 0.0, 0.0, 2.0, 3.0, 1.0, 1.0, 0.0, 2.0, 2.0]
[1.0, 135.0, 9.0, 2.0, 6.0, 2.0, 0.0, 2.0, 4.0, 1.0]
[0.0, 12.0, 115.0, 4.0, 5.0, 3.0, 1.0, 5.0, 11.0, 3.0]
[0.0, 1.0, 7.0, 125.0, 1.0, 6.0, 1.0, 4.0, 7.0, 7.0]
[0.0, 9.0, 3.0, 1.0, 123.0, 5.0, 6.0, 5.0, 3.0, 6.0]
[0.0, 0.0, 1.0, 11.0, 5.0, 130.0, 3.0, 1.0, 0.0, 8.0]
[2.0, 3.0, 3.0, 1.0, 1.0, 0.0, 147.0, 0.0, 4.0, 0.0]
[1.0, 9.0, 8.0, 2.0, 5.0, 2.0, 3.0, 120.0, 2.0, 6.0]
[2.0, 6.0, 22.0, 3.0, 2.0, 5.0, 4.0, 7.0, 90.0, 14.0]
[3.0, 4.0, 2.0, 14.0, 6.0, 12.0, 0.0, 2.0, 8.0, 107.0]
experiment #25[14.0, 0.0]
[1.0, 0.0]
experiment #26[1061.0, 0.0, 0.0]
[4.0, 0.0, 0.0]
[1.0, 0.0, 0.0]
experiment #27[2632.0, 156.0]
[163.0, 1650.0]
experiment #28[29.0, 9.0, 11.0]
[16.0, 26.0, 8.0]
[6.0, 11.0, 35.0]
experiment #29[278.0, 50.0]
[64.0, 554.0]
experiment #30[4.0, 1.0]
[0.0, 5.0]
experiment #31[128.0, 76.0, 2.0, 6.0]
[93.0, 103.0, 6.0, 15.0]
[3.0, 5.0, 207.0, 3.0]
[6.0, 12.0, 4.0, 177.0]
experiment #32[84.0, 1.0, 0.0, 0.0, 0.0, 0.0, 0.0, 0.0, 1.0, 4.0, 0.0]
[2.0, 81.0, 4.0, 0.0, 0.0, 1.0, 0.0, 0.0, 1.0, 1.0, 0.0]
[0.0, 5.0, 82.0, 2.0, 0.0, 0.0, 0.0, 0.0, 0.0, 0.0, 1.0]
[0.0, 0.0, 2.0, 80.0, 0.0, 7.0, 0.0, 0.0, 0.0, 0.0, 0.0]
[0.0, 0.0, 0.0, 1.0, 76.0, 7.0, 4.0, 0.0, 0.0, 0.0, 1.0]
[0.0, 0.0, 1.0, 5.0, 3.0, 75.0, 1.0, 0.0, 3.0, 0.0, 2.0]
[0.0, 0.0, 0.0, 0.0, 2.0, 0.0, 85.0, 2.0, 1.0, 0.0, 0.0]
[0.0, 0.0, 0.0, 0.0, 0.0, 0.0, 5.0, 77.0, 8.0, 0.0, 0.0]
[0.0, 1.0, 0.0, 0.0, 1.0, 1.0, 2.0, 5.0, 73.0, 2.0, 4.0]
[0.0, 1.0, 0.0, 0.0, 0.0, 0.0, 1.0, 0.0, 5.0, 83.0, 0.0]
[0.0, 1.0, 1.0, 4.0, 1.0, 5.0, 2.0, 0.0, 1.0, 0.0, 74.0]
experiment #33[0.0, 2.0, 8.0, 6.0, 3.0, 1.0, 0.0]
[3.0, 53.0, 62.0, 37.0, 8.0, 0.0, 0.0]
[11.0, 84.0, 945.0, 353.0, 56.0, 8.0, 0.0]
[10.0, 59.0, 500.0, 1361.0, 233.0, 35.0, 0.0]
[1.0, 11.0, 88.0, 290.0, 454.0, 36.0, 0.0]
[0.0, 0.0, 19.0, 57.0, 48.0, 51.0, 0.0]
[0.0, 0.0, 1.0, 0.0, 3.0, 1.0, 0.0]
experiment #34[41.0, 0.0, 0.0, 0.0, 0.0, 0.0, 0.0]
[0.0, 20.0, 0.0, 0.0, 0.0, 0.0, 0.0]
[0.0, 0.0, 3.0, 1.0, 0.0, 1.0, 0.0]
[0.0, 0.0, 0.0, 13.0, 0.0, 0.0, 0.0]
[0.0, 0.0, 1.0, 0.0, 3.0, 0.0, 0.0]
[0.0, 0.0, 0.0, 0.0, 0.0, 5.0, 3.0]
[0.0, 0.0, 0.0, 0.0, 0.0, 2.0, 8.0]
