experiment #1[7.0, 0.0, 1.0, 0.0, 0.0, 0.0]
[0.0, 99.0, 0.0, 0.0, 0.0, 0.0]
[0.0, 0.0, 684.0, 0.0, 0.0, 0.0]
[0.0, 0.0, 0.0, 0.0, 0.0, 0.0]
[0.0, 0.0, 0.0, 0.0, 67.0, 0.0]
[0.0, 0.0, 0.0, 0.0, 0.0, 40.0]
experiment #2[197.0, 15.0, 0.0, 1.0, 4.0, 5.0, 3.0, 1.0, 1.0, 8.0, 0.0, 0.0, 0.0, 3.0, 2.0, 5.0]
[16.0, 18.0, 0.0, 3.0, 2.0, 0.0, 0.0, 0.0, 0.0, 4.0, 0.0, 0.0, 0.0, 0.0, 1.0, 0.0]
[0.0, 1.0, 12.0, 0.0, 0.0, 0.0, 1.0, 0.0, 0.0, 0.0, 0.0, 0.0, 0.0, 0.0, 1.0, 0.0]
[3.0, 2.0, 0.0, 8.0, 1.0, 0.0, 0.0, 0.0, 1.0, 0.0, 0.0, 0.0, 0.0, 0.0, 0.0, 0.0]
[6.0, 0.0, 0.0, 0.0, 5.0, 0.0, 0.0, 0.0, 0.0, 0.0, 0.0, 0.0, 0.0, 0.0, 1.0, 1.0]
[5.0, 0.0, 1.0, 0.0, 0.0, 15.0, 0.0, 0.0, 0.0, 4.0, 0.0, 0.0, 0.0, 0.0, 0.0, 0.0]
[1.0, 0.0, 1.0, 1.0, 0.0, 0.0, 0.0, 0.0, 0.0, 0.0, 0.0, 0.0, 0.0, 0.0, 0.0, 0.0]
[1.0, 0.0, 0.0, 0.0, 0.0, 0.0, 0.0, 0.0, 0.0, 0.0, 0.0, 0.0, 0.0, 0.0, 0.0, 1.0]
[0.0, 0.0, 0.0, 0.0, 0.0, 0.0, 0.0, 1.0, 7.0, 1.0, 0.0, 0.0, 0.0, 0.0, 0.0, 0.0]
[17.0, 2.0, 0.0, 5.0, 2.0, 3.0, 0.0, 0.0, 0.0, 21.0, 0.0, 0.0, 0.0, 0.0, 0.0, 0.0]
[0.0, 0.0, 0.0, 0.0, 0.0, 0.0, 0.0, 0.0, 0.0, 0.0, 0.0, 0.0, 0.0, 0.0, 0.0, 0.0]
[0.0, 0.0, 0.0, 0.0, 0.0, 0.0, 0.0, 0.0, 0.0, 0.0, 0.0, 0.0, 0.0, 0.0, 0.0, 0.0]
[0.0, 0.0, 0.0, 0.0, 0.0, 0.0, 0.0, 0.0, 0.0, 0.0, 0.0, 0.0, 0.0, 0.0, 0.0, 0.0]
[1.0, 1.0, 0.0, 0.0, 0.0, 0.0, 0.0, 0.0, 0.0, 0.0, 0.0, 0.0, 0.0, 1.0, 0.0, 1.0]
[1.0, 1.0, 1.0, 0.0, 0.0, 0.0, 0.0, 0.0, 0.0, 1.0, 0.0, 0.0, 0.0, 0.0, 0.0, 1.0]
[13.0, 1.0, 1.0, 0.0, 0.0, 1.0, 0.0, 1.0, 1.0, 1.0, 0.0, 0.0, 0.0, 0.0, 2.0, 1.0]
experiment #3[0.0, 0.0, 0.0, 0.0, 0.0, 0.0, 0.0, 1.0, 0.0, 0.0, 0.0, 0.0, 0.0, 0.0, 0.0, 0.0, 0.0, 0.0, 0.0, 0.0, 0.0, 0.0, 0.0, 0.0]
[0.0, 0.0, 0.0, 0.0, 0.0, 0.0, 0.0, 1.0, 0.0, 0.0, 0.0, 0.0, 0.0, 0.0, 0.0, 0.0, 0.0, 0.0, 0.0, 0.0, 0.0, 0.0, 0.0, 0.0]
[0.0, 0.0, 54.0, 3.0, 0.0, 0.0, 0.0, 0.0, 0.0, 0.0, 0.0, 0.0, 0.0, 0.0, 0.0, 0.0, 0.0, 0.0, 0.0, 0.0, 0.0, 0.0, 0.0, 0.0]
[0.0, 0.0, 1.0, 19.0, 0.0, 0.0, 0.0, 0.0, 0.0, 0.0, 0.0, 0.0, 0.0, 0.0, 0.0, 0.0, 0.0, 0.0, 0.0, 0.0, 0.0, 0.0, 1.0, 0.0]
[0.0, 0.0, 1.0, 0.0, 0.0, 0.0, 0.0, 0.0, 0.0, 0.0, 0.0, 0.0, 0.0, 0.0, 0.0, 0.0, 0.0, 0.0, 0.0, 0.0, 0.0, 0.0, 0.0, 0.0]
[0.0, 0.0, 0.0, 0.0, 0.0, 2.0, 0.0, 0.0, 0.0, 0.0, 0.0, 0.0, 0.0, 0.0, 0.0, 0.0, 0.0, 0.0, 0.0, 0.0, 0.0, 0.0, 0.0, 0.0]
[0.0, 0.0, 0.0, 0.0, 0.0, 0.0, 18.0, 0.0, 0.0, 0.0, 0.0, 0.0, 0.0, 0.0, 0.0, 0.0, 0.0, 0.0, 2.0, 0.0, 0.0, 0.0, 0.0, 0.0]
[0.0, 0.0, 0.0, 0.0, 0.0, 0.0, 0.0, 41.0, 0.0, 0.0, 0.0, 0.0, 0.0, 0.0, 0.0, 0.0, 0.0, 0.0, 5.0, 0.0, 0.0, 1.0, 0.0, 0.0]
[0.0, 0.0, 0.0, 0.0, 0.0, 0.0, 0.0, 0.0, 2.0, 0.0, 0.0, 0.0, 0.0, 0.0, 0.0, 0.0, 0.0, 0.0, 0.0, 0.0, 0.0, 0.0, 0.0, 0.0]
[0.0, 0.0, 0.0, 0.0, 0.0, 0.0, 0.0, 0.0, 0.0, 6.0, 0.0, 0.0, 0.0, 0.0, 0.0, 0.0, 0.0, 0.0, 0.0, 0.0, 0.0, 0.0, 0.0, 0.0]
[0.0, 0.0, 0.0, 0.0, 0.0, 0.0, 0.0, 0.0, 0.0, 0.0, 0.0, 0.0, 0.0, 0.0, 1.0, 0.0, 0.0, 0.0, 0.0, 0.0, 0.0, 0.0, 0.0, 0.0]
[0.0, 0.0, 0.0, 0.0, 0.0, 0.0, 0.0, 0.0, 0.0, 0.0, 0.0, 3.0, 1.0, 0.0, 0.0, 0.0, 0.0, 0.0, 0.0, 0.0, 0.0, 0.0, 0.0, 0.0]
[0.0, 0.0, 0.0, 0.0, 0.0, 0.0, 0.0, 0.0, 0.0, 0.0, 0.0, 2.0, 0.0, 0.0, 0.0, 0.0, 0.0, 0.0, 0.0, 0.0, 0.0, 0.0, 0.0, 0.0]
[0.0, 0.0, 0.0, 0.0, 0.0, 0.0, 0.0, 0.0, 0.0, 0.0, 0.0, 0.0, 0.0, 2.0, 0.0, 0.0, 0.0, 0.0, 0.0, 0.0, 0.0, 0.0, 0.0, 0.0]
[0.0, 0.0, 0.0, 0.0, 0.0, 0.0, 0.0, 0.0, 0.0, 0.0, 0.0, 0.0, 0.0, 0.0, 9.0, 0.0, 0.0, 0.0, 0.0, 0.0, 0.0, 0.0, 0.0, 0.0]
[0.0, 0.0, 0.0, 0.0, 0.0, 0.0, 0.0, 0.0, 0.0, 0.0, 0.0, 0.0, 0.0, 0.0, 0.0, 3.0, 0.0, 0.0, 0.0, 0.0, 0.0, 0.0, 0.0, 0.0]
[0.0, 0.0, 0.0, 0.0, 0.0, 0.0, 0.0, 0.0, 0.0, 0.0, 0.0, 0.0, 0.0, 0.0, 0.0, 0.0, 0.0, 0.0, 0.0, 1.0, 0.0, 0.0, 0.0, 0.0]
[0.0, 0.0, 0.0, 0.0, 0.0, 0.0, 0.0, 0.0, 0.0, 0.0, 0.0, 0.0, 0.0, 0.0, 0.0, 0.0, 0.0, 2.0, 0.0, 0.0, 0.0, 0.0, 0.0, 0.0]
[0.0, 0.0, 2.0, 0.0, 0.0, 0.0, 0.0, 2.0, 0.0, 0.0, 0.0, 0.0, 0.0, 0.0, 0.0, 0.0, 0.0, 0.0, 18.0, 0.0, 0.0, 0.0, 0.0, 0.0]
[0.0, 0.0, 0.0, 0.0, 0.0, 0.0, 0.0, 1.0, 0.0, 0.0, 0.0, 0.0, 1.0, 0.0, 0.0, 1.0, 1.0, 0.0, 0.0, 0.0, 0.0, 0.0, 0.0, 0.0]
[0.0, 0.0, 0.0, 0.0, 0.0, 0.0, 0.0, 0.0, 0.0, 0.0, 0.0, 0.0, 0.0, 0.0, 0.0, 0.0, 0.0, 0.0, 1.0, 0.0, 0.0, 0.0, 0.0, 0.0]
[0.0, 0.0, 0.0, 0.0, 0.0, 0.0, 0.0, 0.0, 0.0, 0.0, 0.0, 0.0, 0.0, 0.0, 0.0, 0.0, 0.0, 0.0, 0.0, 0.0, 0.0, 4.0, 0.0, 0.0]
[0.0, 0.0, 0.0, 1.0, 1.0, 0.0, 0.0, 0.0, 0.0, 0.0, 0.0, 0.0, 0.0, 0.0, 0.0, 0.0, 0.0, 0.0, 0.0, 0.0, 0.0, 0.0, 6.0, 0.0]
[0.0, 0.0, 0.0, 0.0, 0.0, 0.0, 0.0, 2.0, 0.0, 0.0, 0.0, 0.0, 0.0, 0.0, 0.0, 0.0, 0.0, 0.0, 0.0, 0.0, 0.0, 0.0, 0.0, 0.0]
experiment #4[439.0, 19.0]
[16.0, 225.0]
experiment #5[16.0, 0.0, 0.0, 0.0, 0.0, 0.0]
[0.0, 5.0, 2.0, 0.0, 3.0, 0.0]
[0.0, 2.0, 32.0, 4.0, 1.0, 3.0]
[0.0, 0.0, 4.0, 5.0, 3.0, 0.0]
[0.0, 2.0, 3.0, 1.0, 2.0, 2.0]
[0.0, 0.0, 2.0, 0.0, 1.0, 4.0]
experiment #6[442.0, 81.0, 100.0]
[144.0, 125.0, 61.0]
[247.0, 117.0, 144.0]
experiment #7[573.0, 122.0]
[172.0, 125.0]
experiment #8[115.0, 113.0]
[47.0, 265.0]
experiment #9[398.0, 102.0]
[109.0, 159.0]
experiment #10[30.0, 0.0, 0.0, 0.0]
[0.0, 40.0, 0.0, 0.0]
[0.0, 0.0, 31.0, 0.0]
[0.0, 0.0, 0.0, 19.0]
experiment #11[16.0, 4.0]
[7.0, 30.0]
experiment #12[3.0, 0.0, 1.0]
[0.0, 5.0, 0.0]
[2.0, 1.0, 12.0]
experiment #13[2.0, 0.0, 0.0, 0.0]
[1.0, 67.0, 12.0, 0.0]
[0.0, 15.0, 45.0, 0.0]
[0.0, 0.0, 2.0, 2.0]
experiment #14[896.0, 404.0]
[401.0, 899.0]
experiment #15[422.0, 94.0]
[98.0, 347.0]
experiment #16[189.0, 1.0, 1.0, 0.0, 0.0, 0.0, 0.0, 1.0, 8.0, 0.0]
[0.0, 172.0, 5.0, 6.0, 2.0, 4.0, 2.0, 3.0, 2.0, 4.0]
[1.0, 1.0, 190.0, 3.0, 1.0, 2.0, 0.0, 0.0, 1.0, 1.0]
[0.0, 5.0, 2.0, 161.0, 2.0, 18.0, 3.0, 5.0, 3.0, 1.0]
[1.0, 2.0, 1.0, 0.0, 186.0, 2.0, 5.0, 0.0, 1.0, 2.0]
[1.0, 4.0, 1.0, 12.0, 2.0, 169.0, 2.0, 1.0, 3.0, 5.0]
[0.0, 1.0, 0.0, 1.0, 3.0, 4.0, 188.0, 0.0, 3.0, 0.0]
[1.0, 1.0, 2.0, 3.0, 0.0, 0.0, 0.0, 188.0, 0.0, 5.0]
[4.0, 4.0, 1.0, 2.0, 0.0, 3.0, 4.0, 0.0, 181.0, 1.0]
[0.0, 3.0, 2.0, 3.0, 0.0, 3.0, 0.0, 4.0, 2.0, 183.0]
experiment #17[52.0, 8.0]
[14.0, 48.0]
experiment #18[254.0, 36.0]
[140.0, 2.0]
experiment #19[4208.0, 0.0]
[0.0, 3916.0]
experiment #20[4320.0, 0.0, 0.0, 0.0, 0.0]
[0.0, 0.0, 2.0, 0.0, 0.0]
[0.0, 0.0, 266.0, 60.0, 0.0]
[0.0, 0.0, 55.0, 4073.0, 128.0]
[0.0, 0.0, 0.0, 76.0, 3968.0]
experiment #21[28.0, 20.0]
[18.0, 129.0]
experiment #22[63.0, 0.0, 0.0]
[2.0, 0.0, 0.0]
[24.0, 0.0, 0.0]
experiment #23[299.0, 0.0, 0.0, 1.0, 0.0, 0.0, 0.0]
[0.0, 297.0, 0.0, 3.0, 0.0, 0.0, 0.0]
[0.0, 0.0, 274.0, 4.0, 20.0, 0.0, 2.0]
[1.0, 2.0, 10.0, 282.0, 2.0, 0.0, 3.0]
[0.0, 0.0, 17.0, 1.0, 278.0, 1.0, 3.0]
[0.0, 0.0, 0.0, 0.0, 0.0, 300.0, 0.0]
[0.0, 0.0, 0.0, 1.0, 2.0, 0.0, 297.0]
experiment #24[150.0, 0.0, 0.0, 2.0, 3.0, 1.0, 1.0, 0.0, 2.0, 2.0]
[1.0, 135.0, 9.0, 2.0, 6.0, 2.0, 0.0, 2.0, 4.0, 1.0]
[0.0, 12.0, 115.0, 4.0, 5.0, 3.0, 1.0, 5.0, 11.0, 3.0]
[0.0, 1.0, 7.0, 125.0, 1.0, 6.0, 1.0, 4.0, 7.0, 7.0]
[0.0, 9.0, 3.0, 1.0, 123.0, 5.0, 6.0, 5.0, 3.0, 6.0]
[0.0, 0.0, 1.0, 11.0, 5.0, 130.0, 3.0, 1.0, 0.0, 8.0]
[2.0, 3.0, 3.0, 1.0, 1.0, 0.0, 147.0, 0.0, 4.0, 0.0]
[1.0, 9.0, 8.0, 2.0, 5.0, 2.0, 3.0, 120.0, 2.0, 6.0]
[2.0, 6.0, 22.0, 3.0, 2.0, 5.0, 4.0, 7.0, 90.0, 14.0]
[3.0, 4.0, 2.0, 14.0, 6.0, 12.0, 0.0, 2.0, 8.0, 107.0]
experiment #25[14.0, 0.0]
[1.0, 0.0]
experiment #26[1061.0, 0.0, 0.0]
[4.0, 0.0, 0.0]
[1.0, 0.0, 0.0]
experiment #27[2615.0, 173.0]
[164.0, 1649.0]
experiment #28[34.0, 8.0, 7.0]
[16.0, 30.0, 4.0]
[8.0, 13.0, 31.0]
experiment #29[287.0, 41.0]
[63.0, 555.0]
experiment #30[4.0, 1.0]
[0.0, 5.0]
experiment #31[148.0, 57.0, 2.0, 5.0]
[114.0, 88.0, 4.0, 11.0]
[3.0, 5.0, 208.0, 2.0]
[9.0, 14.0, 3.0, 173.0]
experiment #32[84.0, 1.0, 0.0, 0.0, 0.0, 0.0, 0.0, 0.0, 1.0, 4.0, 0.0]
[2.0, 81.0, 4.0, 0.0, 0.0, 1.0, 0.0, 0.0, 1.0, 1.0, 0.0]
[0.0, 5.0, 82.0, 2.0, 0.0, 0.0, 0.0, 0.0, 0.0, 0.0, 1.0]
[0.0, 0.0, 2.0, 80.0, 0.0, 7.0, 0.0, 0.0, 0.0, 0.0, 0.0]
[0.0, 0.0, 0.0, 1.0, 76.0, 7.0, 4.0, 0.0, 0.0, 0.0, 1.0]
[0.0, 0.0, 1.0, 5.0, 3.0, 75.0, 1.0, 0.0, 3.0, 0.0, 2.0]
[0.0, 0.0, 0.0, 0.0, 2.0, 0.0, 85.0, 2.0, 1.0, 0.0, 0.0]
[0.0, 0.0, 0.0, 0.0, 0.0, 0.0, 5.0, 77.0, 8.0, 0.0, 0.0]
[0.0, 1.0, 0.0, 0.0, 1.0, 1.0, 2.0, 5.0, 73.0, 2.0, 4.0]
[0.0, 1.0, 0.0, 0.0, 0.0, 0.0, 1.0, 0.0, 5.0, 83.0, 0.0]
[0.0, 1.0, 1.0, 4.0, 1.0, 5.0, 2.0, 0.0, 1.0, 0.0, 74.0]
experiment #33[0.0, 2.0, 7.0, 5.0, 5.0, 1.0, 0.0]
[1.0, 51.0, 61.0, 39.0, 9.0, 2.0, 0.0]
[4.0, 57.0, 929.0, 386.0, 69.0, 11.0, 1.0]
[6.0, 43.0, 380.0, 1446.0, 273.0, 49.0, 1.0]
[1.0, 5.0, 59.0, 250.0, 521.0, 44.0, 0.0]
[0.0, 0.0, 6.0, 42.0, 48.0, 77.0, 2.0]
[0.0, 0.0, 1.0, 0.0, 3.0, 1.0, 0.0]
experiment #34[41.0, 0.0, 0.0, 0.0, 0.0, 0.0, 0.0]
[0.0, 20.0, 0.0, 0.0, 0.0, 0.0, 0.0]
[0.0, 0.0, 3.0, 1.0, 0.0, 1.0, 0.0]
[0.0, 0.0, 0.0, 13.0, 0.0, 0.0, 0.0]
[0.0, 0.0, 1.0, 0.0, 3.0, 0.0, 0.0]
[0.0, 0.0, 0.0, 0.0, 0.0, 7.0, 1.0]
[0.0, 0.0, 0.0, 0.0, 0.0, 1.0, 9.0]
