experiment #1[5.0, 0.0, 3.0, 0.0, 0.0, 0.0]
[0.0, 99.0, 0.0, 0.0, 0.0, 0.0]
[0.0, 2.0, 680.0, 0.0, 0.0, 2.0]
[0.0, 0.0, 0.0, 0.0, 0.0, 0.0]
[0.0, 0.0, 0.0, 0.0, 67.0, 0.0]
[0.0, 0.0, 7.0, 0.0, 0.0, 33.0]
experiment #2[204.0, 15.0, 0.0, 3.0, 2.0, 5.0, 1.0, 0.0, 1.0, 9.0, 0.0, 0.0, 0.0, 2.0, 0.0, 3.0]
[19.0, 16.0, 0.0, 3.0, 2.0, 0.0, 0.0, 0.0, 0.0, 4.0, 0.0, 0.0, 0.0, 0.0, 0.0, 0.0]
[0.0, 1.0, 12.0, 0.0, 0.0, 2.0, 0.0, 0.0, 0.0, 0.0, 0.0, 0.0, 0.0, 0.0, 0.0, 0.0]
[3.0, 2.0, 0.0, 8.0, 1.0, 0.0, 0.0, 0.0, 1.0, 0.0, 0.0, 0.0, 0.0, 0.0, 0.0, 0.0]
[7.0, 0.0, 0.0, 0.0, 5.0, 0.0, 0.0, 0.0, 0.0, 0.0, 0.0, 0.0, 0.0, 0.0, 1.0, 0.0]
[6.0, 0.0, 1.0, 0.0, 0.0, 15.0, 0.0, 0.0, 0.0, 3.0, 0.0, 0.0, 0.0, 0.0, 0.0, 0.0]
[1.0, 0.0, 1.0, 1.0, 0.0, 0.0, 0.0, 0.0, 0.0, 0.0, 0.0, 0.0, 0.0, 0.0, 0.0, 0.0]
[1.0, 0.0, 0.0, 0.0, 0.0, 0.0, 0.0, 0.0, 0.0, 0.0, 0.0, 0.0, 0.0, 0.0, 0.0, 1.0]
[1.0, 0.0, 0.0, 0.0, 0.0, 0.0, 0.0, 1.0, 7.0, 0.0, 0.0, 0.0, 0.0, 0.0, 0.0, 0.0]
[18.0, 3.0, 0.0, 5.0, 2.0, 3.0, 0.0, 0.0, 0.0, 19.0, 0.0, 0.0, 0.0, 0.0, 0.0, 0.0]
[0.0, 0.0, 0.0, 0.0, 0.0, 0.0, 0.0, 0.0, 0.0, 0.0, 0.0, 0.0, 0.0, 0.0, 0.0, 0.0]
[0.0, 0.0, 0.0, 0.0, 0.0, 0.0, 0.0, 0.0, 0.0, 0.0, 0.0, 0.0, 0.0, 0.0, 0.0, 0.0]
[0.0, 0.0, 0.0, 0.0, 0.0, 0.0, 0.0, 0.0, 0.0, 0.0, 0.0, 0.0, 0.0, 0.0, 0.0, 0.0]
[1.0, 1.0, 0.0, 0.0, 1.0, 0.0, 0.0, 0.0, 0.0, 0.0, 0.0, 0.0, 0.0, 0.0, 0.0, 1.0]
[1.0, 1.0, 1.0, 0.0, 0.0, 0.0, 0.0, 0.0, 0.0, 1.0, 0.0, 0.0, 0.0, 0.0, 0.0, 1.0]
[13.0, 1.0, 1.0, 0.0, 0.0, 1.0, 1.0, 1.0, 1.0, 2.0, 0.0, 0.0, 0.0, 0.0, 1.0, 0.0]
experiment #3[0.0, 0.0, 0.0, 0.0, 0.0, 0.0, 0.0, 1.0, 0.0, 0.0, 0.0, 0.0, 0.0, 0.0, 0.0, 0.0, 0.0, 0.0, 0.0, 0.0, 0.0, 0.0, 0.0, 0.0]
[0.0, 0.0, 0.0, 0.0, 0.0, 0.0, 0.0, 1.0, 0.0, 0.0, 0.0, 0.0, 0.0, 0.0, 0.0, 0.0, 0.0, 0.0, 0.0, 0.0, 0.0, 0.0, 0.0, 0.0]
[0.0, 0.0, 54.0, 3.0, 0.0, 0.0, 0.0, 0.0, 0.0, 0.0, 0.0, 0.0, 0.0, 0.0, 0.0, 0.0, 0.0, 0.0, 0.0, 0.0, 0.0, 0.0, 0.0, 0.0]
[0.0, 0.0, 1.0, 19.0, 0.0, 0.0, 0.0, 0.0, 0.0, 0.0, 0.0, 0.0, 0.0, 0.0, 0.0, 0.0, 0.0, 0.0, 0.0, 0.0, 0.0, 0.0, 1.0, 0.0]
[0.0, 0.0, 1.0, 0.0, 0.0, 0.0, 0.0, 0.0, 0.0, 0.0, 0.0, 0.0, 0.0, 0.0, 0.0, 0.0, 0.0, 0.0, 0.0, 0.0, 0.0, 0.0, 0.0, 0.0]
[0.0, 0.0, 0.0, 0.0, 0.0, 2.0, 0.0, 0.0, 0.0, 0.0, 0.0, 0.0, 0.0, 0.0, 0.0, 0.0, 0.0, 0.0, 0.0, 0.0, 0.0, 0.0, 0.0, 0.0]
[0.0, 0.0, 0.0, 0.0, 0.0, 0.0, 18.0, 0.0, 0.0, 0.0, 0.0, 0.0, 0.0, 0.0, 0.0, 0.0, 0.0, 0.0, 2.0, 0.0, 0.0, 0.0, 0.0, 0.0]
[0.0, 0.0, 0.0, 0.0, 0.0, 0.0, 0.0, 41.0, 0.0, 0.0, 0.0, 0.0, 0.0, 0.0, 0.0, 0.0, 0.0, 0.0, 5.0, 0.0, 0.0, 1.0, 0.0, 0.0]
[0.0, 0.0, 0.0, 0.0, 0.0, 0.0, 0.0, 0.0, 2.0, 0.0, 0.0, 0.0, 0.0, 0.0, 0.0, 0.0, 0.0, 0.0, 0.0, 0.0, 0.0, 0.0, 0.0, 0.0]
[0.0, 0.0, 0.0, 0.0, 0.0, 0.0, 0.0, 0.0, 0.0, 6.0, 0.0, 0.0, 0.0, 0.0, 0.0, 0.0, 0.0, 0.0, 0.0, 0.0, 0.0, 0.0, 0.0, 0.0]
[0.0, 0.0, 0.0, 0.0, 0.0, 0.0, 0.0, 0.0, 0.0, 0.0, 0.0, 0.0, 0.0, 0.0, 1.0, 0.0, 0.0, 0.0, 0.0, 0.0, 0.0, 0.0, 0.0, 0.0]
[0.0, 0.0, 0.0, 0.0, 0.0, 0.0, 0.0, 0.0, 0.0, 0.0, 0.0, 3.0, 1.0, 0.0, 0.0, 0.0, 0.0, 0.0, 0.0, 0.0, 0.0, 0.0, 0.0, 0.0]
[0.0, 0.0, 0.0, 0.0, 0.0, 0.0, 0.0, 0.0, 0.0, 0.0, 0.0, 2.0, 0.0, 0.0, 0.0, 0.0, 0.0, 0.0, 0.0, 0.0, 0.0, 0.0, 0.0, 0.0]
[0.0, 0.0, 0.0, 0.0, 0.0, 0.0, 0.0, 0.0, 0.0, 0.0, 0.0, 0.0, 0.0, 2.0, 0.0, 0.0, 0.0, 0.0, 0.0, 0.0, 0.0, 0.0, 0.0, 0.0]
[0.0, 0.0, 0.0, 0.0, 0.0, 0.0, 0.0, 0.0, 0.0, 0.0, 0.0, 0.0, 0.0, 0.0, 9.0, 0.0, 0.0, 0.0, 0.0, 0.0, 0.0, 0.0, 0.0, 0.0]
[0.0, 0.0, 0.0, 0.0, 0.0, 0.0, 0.0, 0.0, 0.0, 0.0, 0.0, 0.0, 0.0, 0.0, 0.0, 3.0, 0.0, 0.0, 0.0, 0.0, 0.0, 0.0, 0.0, 0.0]
[0.0, 0.0, 0.0, 0.0, 0.0, 0.0, 0.0, 0.0, 0.0, 0.0, 0.0, 0.0, 0.0, 0.0, 0.0, 0.0, 0.0, 0.0, 0.0, 1.0, 0.0, 0.0, 0.0, 0.0]
[0.0, 0.0, 0.0, 0.0, 0.0, 0.0, 0.0, 0.0, 0.0, 0.0, 0.0, 0.0, 0.0, 0.0, 0.0, 0.0, 0.0, 2.0, 0.0, 0.0, 0.0, 0.0, 0.0, 0.0]
[0.0, 0.0, 2.0, 0.0, 0.0, 0.0, 0.0, 2.0, 0.0, 0.0, 0.0, 0.0, 0.0, 0.0, 0.0, 0.0, 0.0, 0.0, 18.0, 0.0, 0.0, 0.0, 0.0, 0.0]
[0.0, 0.0, 0.0, 0.0, 0.0, 0.0, 0.0, 1.0, 0.0, 0.0, 0.0, 0.0, 1.0, 0.0, 0.0, 1.0, 1.0, 0.0, 0.0, 0.0, 0.0, 0.0, 0.0, 0.0]
[0.0, 0.0, 0.0, 0.0, 0.0, 0.0, 0.0, 0.0, 0.0, 0.0, 0.0, 0.0, 0.0, 0.0, 0.0, 0.0, 0.0, 0.0, 1.0, 0.0, 0.0, 0.0, 0.0, 0.0]
[0.0, 0.0, 0.0, 0.0, 0.0, 0.0, 0.0, 0.0, 0.0, 0.0, 0.0, 0.0, 0.0, 0.0, 0.0, 0.0, 0.0, 0.0, 0.0, 0.0, 0.0, 4.0, 0.0, 0.0]
[0.0, 0.0, 0.0, 1.0, 1.0, 0.0, 0.0, 0.0, 0.0, 0.0, 0.0, 0.0, 0.0, 0.0, 0.0, 0.0, 0.0, 0.0, 0.0, 0.0, 0.0, 0.0, 6.0, 0.0]
[0.0, 0.0, 0.0, 0.0, 0.0, 0.0, 0.0, 2.0, 0.0, 0.0, 0.0, 0.0, 0.0, 0.0, 0.0, 0.0, 0.0, 0.0, 0.0, 0.0, 0.0, 0.0, 0.0, 0.0]
experiment #4[438.0, 20.0]
[18.0, 223.0]
experiment #5[16.0, 0.0, 0.0, 0.0, 0.0, 0.0]
[0.0, 4.0, 5.0, 1.0, 0.0, 0.0]
[0.0, 5.0, 31.0, 2.0, 3.0, 1.0]
[0.0, 1.0, 5.0, 3.0, 3.0, 0.0]
[0.0, 2.0, 2.0, 2.0, 2.0, 2.0]
[0.0, 1.0, 2.0, 0.0, 1.0, 3.0]
experiment #6[392.0, 61.0, 170.0]
[94.0, 127.0, 109.0]
[172.0, 105.0, 231.0]
experiment #7[589.0, 106.0]
[183.0, 114.0]
experiment #8[109.0, 119.0]
[55.0, 257.0]
experiment #9[409.0, 91.0]
[120.0, 148.0]
experiment #10[30.0, 0.0, 0.0, 0.0]
[0.0, 40.0, 0.0, 0.0]
[0.0, 0.0, 31.0, 0.0]
[0.0, 0.0, 0.0, 19.0]
experiment #11[14.0, 6.0]
[9.0, 28.0]
experiment #12[3.0, 0.0, 1.0]
[0.0, 5.0, 0.0]
[2.0, 1.0, 12.0]
experiment #13[2.0, 0.0, 0.0, 0.0]
[1.0, 64.0, 14.0, 1.0]
[1.0, 12.0, 46.0, 1.0]
[0.0, 0.0, 2.0, 2.0]
experiment #14[896.0, 404.0]
[401.0, 899.0]
experiment #15[447.0, 69.0]
[99.0, 346.0]
experiment #16[187.0, 1.0, 1.0, 0.0, 0.0, 0.0, 0.0, 1.0, 10.0, 0.0]
[0.0, 171.0, 8.0, 8.0, 1.0, 3.0, 2.0, 3.0, 2.0, 2.0]
[1.0, 3.0, 188.0, 3.0, 1.0, 1.0, 1.0, 0.0, 1.0, 1.0]
[0.0, 7.0, 2.0, 156.0, 3.0, 19.0, 3.0, 6.0, 3.0, 1.0]
[1.0, 4.0, 1.0, 0.0, 183.0, 3.0, 5.0, 0.0, 1.0, 2.0]
[1.0, 5.0, 3.0, 11.0, 3.0, 166.0, 2.0, 0.0, 4.0, 5.0]
[0.0, 1.0, 1.0, 1.0, 6.0, 3.0, 184.0, 0.0, 4.0, 0.0]
[1.0, 3.0, 3.0, 3.0, 0.0, 0.0, 0.0, 185.0, 0.0, 5.0]
[7.0, 5.0, 2.0, 2.0, 0.0, 4.0, 3.0, 0.0, 176.0, 1.0]
[0.0, 3.0, 2.0, 3.0, 0.0, 3.0, 0.0, 4.0, 2.0, 183.0]
experiment #17[54.0, 6.0]
[15.0, 47.0]
experiment #18[289.0, 1.0]
[142.0, 0.0]
experiment #19[4208.0, 0.0]
[0.0, 3916.0]
experiment #20[4320.0, 0.0, 0.0, 0.0, 0.0]
[0.0, 0.0, 2.0, 0.0, 0.0]
[0.0, 0.0, 261.0, 65.0, 0.0]
[0.0, 0.0, 57.0, 4066.0, 133.0]
[0.0, 0.0, 0.0, 73.0, 3971.0]
experiment #21[28.0, 20.0]
[18.0, 129.0]
experiment #22[63.0, 0.0, 0.0]
[2.0, 0.0, 0.0]
[24.0, 0.0, 0.0]
experiment #23[299.0, 0.0, 0.0, 1.0, 0.0, 0.0, 0.0]
[0.0, 297.0, 0.0, 3.0, 0.0, 0.0, 0.0]
[0.0, 0.0, 271.0, 4.0, 22.0, 0.0, 3.0]
[1.0, 2.0, 11.0, 281.0, 2.0, 0.0, 3.0]
[0.0, 0.0, 18.0, 2.0, 276.0, 1.0, 3.0]
[0.0, 0.0, 0.0, 0.0, 0.0, 300.0, 0.0]
[0.0, 0.0, 0.0, 2.0, 2.0, 0.0, 296.0]
experiment #24[150.0, 0.0, 1.0, 2.0, 2.0, 0.0, 1.0, 1.0, 2.0, 2.0]
[1.0, 134.0, 8.0, 2.0, 5.0, 3.0, 0.0, 2.0, 5.0, 2.0]
[0.0, 13.0, 110.0, 4.0, 5.0, 2.0, 3.0, 5.0, 13.0, 4.0]
[1.0, 4.0, 7.0, 120.0, 0.0, 6.0, 0.0, 5.0, 6.0, 10.0]
[2.0, 9.0, 3.0, 1.0, 117.0, 5.0, 7.0, 6.0, 5.0, 6.0]
[1.0, 0.0, 1.0, 13.0, 6.0, 127.0, 3.0, 1.0, 0.0, 7.0]
[2.0, 4.0, 5.0, 1.0, 1.0, 0.0, 143.0, 0.0, 5.0, 0.0]
[2.0, 10.0, 10.0, 1.0, 8.0, 1.0, 3.0, 115.0, 2.0, 6.0]
[2.0, 6.0, 22.0, 3.0, 2.0, 3.0, 5.0, 7.0, 92.0, 13.0]
[4.0, 4.0, 5.0, 16.0, 6.0, 10.0, 0.0, 2.0, 9.0, 102.0]
experiment #25[14.0, 0.0]
[1.0, 0.0]
experiment #26[1061.0, 0.0, 0.0]
[4.0, 0.0, 0.0]
[1.0, 0.0, 0.0]
experiment #27[2632.0, 156.0]
[167.0, 1646.0]
experiment #28[30.0, 9.0, 10.0]
[18.0, 24.0, 8.0]
[5.0, 12.0, 35.0]
experiment #29[257.0, 71.0]
[66.0, 552.0]
experiment #30[4.0, 1.0]
[0.0, 5.0]
experiment #31[130.0, 74.0, 2.0, 6.0]
[101.0, 94.0, 6.0, 16.0]
[3.0, 4.0, 207.0, 4.0]
[6.0, 12.0, 4.0, 177.0]
experiment #32[83.0, 2.0, 0.0, 0.0, 0.0, 0.0, 0.0, 0.0, 1.0, 4.0, 0.0]
[2.0, 76.0, 7.0, 0.0, 0.0, 1.0, 0.0, 0.0, 1.0, 1.0, 2.0]
[0.0, 6.0, 78.0, 4.0, 0.0, 0.0, 0.0, 0.0, 0.0, 0.0, 2.0]
[0.0, 1.0, 3.0, 76.0, 0.0, 8.0, 0.0, 0.0, 0.0, 0.0, 1.0]
[0.0, 0.0, 3.0, 2.0, 66.0, 11.0, 5.0, 0.0, 1.0, 0.0, 1.0]
[0.0, 0.0, 2.0, 5.0, 10.0, 67.0, 1.0, 0.0, 3.0, 0.0, 2.0]
[0.0, 2.0, 0.0, 0.0, 5.0, 2.0, 77.0, 2.0, 2.0, 0.0, 0.0]
[0.0, 0.0, 0.0, 0.0, 0.0, 0.0, 6.0, 74.0, 9.0, 1.0, 0.0]
[1.0, 1.0, 1.0, 0.0, 1.0, 2.0, 2.0, 6.0, 65.0, 4.0, 6.0]
[1.0, 1.0, 0.0, 0.0, 0.0, 0.0, 0.0, 0.0, 6.0, 82.0, 0.0]
[0.0, 0.0, 2.0, 3.0, 1.0, 7.0, 3.0, 0.0, 1.0, 0.0, 72.0]
experiment #33[0.0, 2.0, 8.0, 6.0, 3.0, 1.0, 0.0]
[0.0, 46.0, 66.0, 41.0, 10.0, 0.0, 0.0]
[8.0, 62.0, 913.0, 405.0, 61.0, 8.0, 0.0]
[9.0, 44.0, 443.0, 1387.0, 273.0, 42.0, 0.0]
[1.0, 9.0, 71.0, 281.0, 472.0, 46.0, 0.0]
[1.0, 0.0, 15.0, 51.0, 50.0, 58.0, 0.0]
[0.0, 0.0, 1.0, 1.0, 2.0, 1.0, 0.0]
experiment #34[41.0, 0.0, 0.0, 0.0, 0.0, 0.0, 0.0]
[0.0, 20.0, 0.0, 0.0, 0.0, 0.0, 0.0]
[0.0, 0.0, 3.0, 1.0, 0.0, 1.0, 0.0]
[0.0, 0.0, 0.0, 13.0, 0.0, 0.0, 0.0]
[0.0, 0.0, 1.0, 0.0, 3.0, 0.0, 0.0]
[0.0, 0.0, 0.0, 0.0, 0.0, 5.0, 3.0]
[0.0, 0.0, 0.0, 0.0, 0.0, 2.0, 8.0]
